0 0 0 3 6 7
0.000000 0.698905 1.770225 2.309965 1.591018
0.001000 0.698906 1.770224 2.309962 1.591017
0.002000 0.698908 1.770221 2.309954 1.591013
0.003000 0.698912 1.770216 2.309941 1.591008
0.004000 0.698918 1.770209 2.309923 1.591000
0.005000 0.698925 1.770200 2.309900 1.590990
0.006000 0.698934 1.770189 2.309871 1.590978
0.007000 0.698944 1.770176 2.309837 1.590964
0.008000 0.698956 1.770161 2.309798 1.590947
0.009000 0.698970 1.770144 2.309754 1.590929
0.010000 0.698985 1.770125 2.309705 1.590908
0.011000 0.699002 1.770104 2.309650 1.590885
0.012000 0.699020 1.770081 2.309590 1.590859
0.013000 0.699040 1.770056 2.309525 1.590832
0.014000 0.699062 1.770030 2.309455 1.590802
0.015000 0.699085 1.770001 2.309380 1.590770
0.016000 0.699110 1.769970 2.309300 1.590736
0.017000 0.699137 1.769937 2.309214 1.590700
0.018000 0.699165 1.769902 2.309123 1.590662
0.019000 0.699195 1.769865 2.309027 1.590621
0.020000 0.699227 1.769826 2.308926 1.590578
0.021000 0.699260 1.769785 2.308820 1.590533
0.022000 0.699295 1.769742 2.308709 1.590486
0.023000 0.699331 1.769698 2.308592 1.590437
0.024000 0.699370 1.769651 2.308470 1.590385
0.025000 0.699410 1.769602 2.308343 1.590332
0.026000 0.699451 1.769551 2.308211 1.590276
0.027000 0.699495 1.769498 2.308074 1.590218
0.028000 0.699540 1.769443 2.307932 1.590158
0.029000 0.699587 1.769386 2.307785 1.590096
0.030000 0.699635 1.769327 2.307632 1.590031
0.031000 0.699685 1.769266 2.307475 1.589965
0.032000 0.699738 1.769203 2.307312 1.589896
0.033000 0.699791 1.769138 2.307145 1.589825
0.034000 0.699847 1.769071 2.306972 1.589753
0.035000 0.699905 1.769002 2.306794 1.589678
0.036000 0.699964 1.768931 2.306611 1.589600
0.037000 0.700025 1.768858 2.306423 1.589521
0.038000 0.700088 1.768782 2.306230 1.589440
0.039000 0.700152 1.768705 2.306032 1.589356
0.040000 0.700219 1.768626 2.305829 1.589271
0.041000 0.700288 1.768545 2.305621 1.589183
0.042000 0.700358 1.768461 2.305408 1.589093
0.043000 0.700430 1.768376 2.305189 1.589001
0.044000 0.700504 1.768289 2.304966 1.588908
0.045000 0.700580 1.768199 2.304738 1.588812
0.046000 0.700658 1.768108 2.304505 1.588714
0.047000 0.700738 1.768014 2.304267 1.588613
0.048000 0.700820 1.767918 2.304024 1.588511
0.049000 0.700904 1.767821 2.303776 1.588407
0.050000 0.700990 1.767721 2.303523 1.588301
0.051000 0.701078 1.767619 2.303265 1.588192
0.052000 0.701168 1.767515 2.303002 1.588082
0.053000 0.701259 1.767409 2.302734 1.587970
0.054000 0.701353 1.767301 2.302461 1.587855
0.055000 0.701449 1.767191 2.302184 1.587739
0.056000 0.701548 1.767079 2.301901 1.587620
0.057000 0.701648 1.766964 2.301614 1.587500
0.058000 0.701750 1.766848 2.301321 1.587377
0.059000 0.701855 1.766729 2.301024 1.587253
0.060000 0.701961 1.766609 2.300722 1.587127
0.061000 0.702070 1.766486 2.300415 1.586998
0.062000 0.702181 1.766361 2.300104 1.586868
0.063000 0.702294 1.766234 2.299787 1.586735
0.064000 0.702409 1.766105 2.299466 1.586601
0.065000 0.702527 1.765974 2.299140 1.586465
0.066000 0.702647 1.765841 2.298809 1.586326
0.067000 0.702769 1.765705 2.298473 1.586186
0.068000 0.702893 1.765568 2.298133 1.586044
0.069000 0.703020 1.765428 2.297787 1.585900
0.070000 0.703149 1.765286 2.297437 1.585754
0.071000 0.703280 1.765142 2.297082 1.585606
0.072000 0.703414 1.764996 2.296723 1.585456
0.073000 0.703550 1.764848 2.296359 1.585304
0.074000 0.703689 1.764697 2.295990 1.585151
0.075000 0.703830 1.764545 2.295616 1.584995
0.076000 0.703973 1.764390 2.295238 1.584837
0.077000 0.704119 1.764233 2.294855 1.584678
0.078000 0.704267 1.764074 2.294467 1.584517
0.079000 0.704418 1.763913 2.294074 1.584353
0.080000 0.704571 1.763749 2.293677 1.584188
0.081000 0.704726 1.763583 2.293276 1.584021
0.082000 0.704885 1.763416 2.292869 1.583852
0.083000 0.705046 1.763246 2.292458 1.583682
0.084000 0.705209 1.763073 2.292042 1.583509
0.085000 0.705375 1.762899 2.291622 1.583335
0.086000 0.705544 1.762722 2.291197 1.583158
0.087000 0.705715 1.762543 2.290768 1.582980
0.088000 0.705889 1.762362 2.290334 1.582800
0.089000 0.706065 1.762179 2.289895 1.582619
0.090000 0.706244 1.761993 2.289452 1.582435
0.091000 0.706426 1.761805 2.289004 1.582249
0.092000 0.706611 1.761615 2.288552 1.582062
0.093000 0.706798 1.761423 2.288095 1.581873
0.094000 0.706988 1.761228 2.287634 1.581682
0.095000 0.707181 1.761031 2.287168 1.581489
0.096000 0.707377 1.760832 2.286698 1.581295
0.097000 0.707576 1.760631 2.286223 1.581098
0.098000 0.707777 1.760427 2.285743 1.580900
0.099000 0.707981 1.760221 2.285259 1.580700
0.100000 0.708188 1.760013 2.284771 1.580498
0.101000 0.708398 1.759802 2.284278 1.580295
0.102000 0.708611 1.759589 2.283781 1.580089
0.103000 0.708827 1.759374 2.283279 1.579882
0.104000 0.709046 1.759157 2.282773 1.579673
0.105000 0.709267 1.758937 2.282262 1.579462
0.106000 0.709492 1.758715 2.281747 1.579250
0.107000 0.709720 1.758490 2.281227 1.579036
0.108000 0.709950 1.758263 2.280703 1.578819
0.109000 0.710184 1.758034 2.280175 1.578602
0.110000 0.710421 1.757802 2.279642 1.578382
0.111000 0.710661 1.757568 2.279104 1.578160
0.112000 0.710904 1.757332 2.278563 1.577937
0.113000 0.711150 1.757093 2.278017 1.577712
0.114000 0.711399 1.756852 2.277466 1.577486
0.115000 0.711651 1.756609 2.276911 1.577257
0.116000 0.711906 1.756363 2.276352 1.577027
0.117000 0.712165 1.756115 2.275788 1.576795
0.118000 0.712427 1.755864 2.275220 1.576561
0.119000 0.712692 1.755611 2.274648 1.576325
0.120000 0.712960 1.755356 2.274071 1.576088
0.121000 0.713231 1.755098 2.273490 1.575849
0.122000 0.713506 1.754837 2.272904 1.575608
0.123000 0.713784 1.754575 2.272315 1.575366
0.124000 0.714065 1.754309 2.271720 1.575121
0.125000 0.714350 1.754042 2.271122 1.574875
0.126000 0.714637 1.753771 2.270519 1.574627
0.127000 0.714928 1.753499 2.269912 1.574378
0.128000 0.715223 1.753224 2.269300 1.574126
0.129000 0.715521 1.752946 2.268684 1.573873
0.130000 0.715822 1.752666 2.268064 1.573618
0.131000 0.716127 1.752383 2.267439 1.573361
0.132000 0.716435 1.752098 2.266810 1.573103
0.133000 0.716746 1.751810 2.266177 1.572842
0.134000 0.717061 1.751520 2.265539 1.572580
0.135000 0.717379 1.751227 2.264897 1.572317
0.136000 0.717701 1.750932 2.264251 1.572051
0.137000 0.718026 1.750634 2.263601 1.571784
0.138000 0.718355 1.750334 2.262946 1.571515
0.139000 0.718687 1.750031 2.262286 1.571244
0.140000 0.719023 1.749726 2.261623 1.570971
0.141000 0.719363 1.749417 2.260955 1.570696
0.142000 0.719705 1.749107 2.260282 1.570420
0.143000 0.720052 1.748794 2.259606 1.570142
0.144000 0.720402 1.748478 2.258925 1.569862
0.145000 0.720756 1.748159 2.258240 1.569581
0.146000 0.721113 1.747838 2.257550 1.569297
0.147000 0.721474 1.747514 2.256856 1.569012
0.148000 0.721838 1.747188 2.256158 1.568725
0.149000 0.722206 1.746859 2.255455 1.568436
0.150000 0.722578 1.746527 2.254748 1.568145
0.151000 0.722953 1.746193 2.254036 1.567853
0.152000 0.723333 1.745856 2.253321 1.567559
0.153000 0.723715 1.745516 2.252601 1.567262
0.154000 0.724102 1.745174 2.251876 1.566964
0.155000 0.724492 1.744829 2.251147 1.566665
0.156000 0.724886 1.744481 2.250414 1.566363
0.157000 0.725284 1.744131 2.249676 1.566059
0.158000 0.725685 1.743778 2.248934 1.565754
0.159000 0.726090 1.743422 2.248188 1.565447
0.160000 0.726499 1.743063 2.247437 1.565138
0.161000 0.726912 1.742702 2.246682 1.564827
0.162000 0.727329 1.742337 2.245922 1.564514
0.163000 0.727749 1.741971 2.245158 1.564200
0.164000 0.728173 1.741601 2.244390 1.563883
0.165000 0.728601 1.741229 2.243617 1.563565
0.166000 0.729033 1.740853 2.242840 1.563245
0.167000 0.729469 1.740475 2.242058 1.562922
0.168000 0.729909 1.740095 2.241272 1.562598
0.169000 0.730352 1.739711 2.240481 1.562272
0.170000 0.730799 1.739324 2.239686 1.561945
0.171000 0.731251 1.738935 2.238887 1.561615
0.172000 0.731706 1.738543 2.238083 1.561283
0.173000 0.732165 1.738148 2.237274 1.560950
0.174000 0.732628 1.737750 2.236461 1.560614
0.175000 0.733095 1.737350 2.235644 1.560277
0.176000 0.733566 1.736946 2.234822 1.559937
0.177000 0.734041 1.736540 2.233995 1.559596
0.178000 0.734519 1.736131 2.233164 1.559253
0.179000 0.735002 1.735719 2.232328 1.558908
0.180000 0.735489 1.735304 2.231488 1.558560
0.181000 0.735980 1.734886 2.230643 1.558211
0.182000 0.736474 1.734465 2.229794 1.557860
0.183000 0.736973 1.734041 2.228940 1.557507
0.184000 0.737476 1.733614 2.228081 1.557152
0.185000 0.737983 1.733185 2.227218 1.556795
0.186000 0.738493 1.732752 2.226351 1.556436
0.187000 0.739008 1.732316 2.225478 1.556075
0.188000 0.739527 1.731878 2.224601 1.555712
0.189000 0.740050 1.731436 2.223720 1.555346
0.190000 0.740577 1.730992 2.222833 1.554979
0.191000 0.741109 1.730544 2.221942 1.554610
0.192000 0.741644 1.730094 2.221047 1.554239
0.193000 0.742183 1.729640 2.220146 1.553866
0.194000 0.742727 1.729184 2.219241 1.553491
0.195000 0.743274 1.728724 2.218331 1.553113
0.196000 0.743826 1.728262 2.217417 1.552734
0.197000 0.744382 1.727796 2.216497 1.552353
0.198000 0.744942 1.727328 2.215573 1.551969
0.199000 0.745506 1.726856 2.214644 1.551584
0.200000 0.746074 1.726381 2.213711 1.551196
0.201000 0.746647 1.725904 2.212772 1.550806
0.202000 0.747223 1.725423 2.211829 1.550415
0.203000 0.747804 1.724939 2.210881 1.550021
0.204000 0.748389 1.724452 2.209928 1.549625
0.205000 0.748978 1.723962 2.208970 1.549227
0.206000 0.749572 1.723469 2.208007 1.548827
0.207000 0.750169 1.722972 2.207040 1.548424
0.208000 0.750771 1.722473 2.206067 1.548020
0.209000 0.751378 1.721970 2.205090 1.547614
0.210000 0.751988 1.721465 2.204108 1.547205
0.211000 0.752603 1.720956 2.203120 1.546794
0.212000 0.753221 1.720444 2.202128 1.546381
0.213000 0.753845 1.719929 2.201131 1.545966
0.214000 0.754472 1.719411 2.200129 1.545549
0.215000 0.755104 1.718890 2.199121 1.545130
0.216000 0.755740 1.718365 2.198109 1.544709
0.217000 0.756380 1.717837 2.197092 1.544285
0.218000 0.757025 1.717307 2.196069 1.543859
0.219000 0.757674 1.716773 2.195042 1.543431
0.220000 0.758327 1.716235 2.194009 1.543001
0.221000 0.758985 1.715695 2.192972 1.542569
0.222000 0.759647 1.715151 2.191929 1.542135
0.223000 0.760313 1.714605 2.190881 1.541698
0.224000 0.760984 1.714055 2.189828 1.541260
0.225000 0.761659 1.713501 2.188770 1.540819
0.226000 0.762339 1.712945 2.187706 1.540376
0.227000 0.763023 1.712385 2.186638 1.539931
0.228000 0.763711 1.711822 2.185564 1.539483
0.229000 0.764404 1.711256 2.184485 1.539034
0.230000 0.765101 1.710687 2.183401 1.538582
0.231000 0.765803 1.710115 2.182311 1.538128
0.232000 0.766509 1.709539 2.181217 1.537672
0.233000 0.767219 1.708960 2.180116 1.537214
0.234000 0.767934 1.708378 2.179011 1.536753
0.235000 0.768654 1.707792 2.177900 1.536291
0.236000 0.769378 1.707203 2.176784 1.535826
0.237000 0.770106 1.706611 2.175663 1.535359
0.238000 0.770839 1.706016 2.174536 1.534890
0.239000 0.771577 1.705417 2.173404 1.534419
0.240000 0.772319 1.704816 2.172267 1.533945
0.241000 0.773065 1.704211 2.171124 1.533470
0.242000 0.773817 1.703602 2.169975 1.532992
0.243000 0.774572 1.702991 2.168821 1.532512
0.244000 0.775333 1.702376 2.167662 1.532030
0.245000 0.776098 1.701758 2.166497 1.531545
0.246000 0.776867 1.701137 2.165327 1.531059
0.247000 0.777641 1.700512 2.164152 1.530570
0.248000 0.778420 1.699884 2.162970 1.530080
0.249000 0.779203 1.699253 2.161784 1.529587
0.250000 0.779991 1.698619 2.160591 1.529092
0.251000 0.780784 1.697981 2.159393 1.528595
0.252000 0.781581 1.697340 2.158190 1.528095
0.253000 0.782383 1.696696 2.156981 1.527594
0.254000 0.783190 1.696048 2.155766 1.527091
0.255000 0.784001 1.695398 2.154546 1.526585
0.256000 0.784818 1.694744 2.153320 1.526077
0.257000 0.785639 1.694086 2.152089 1.525567
0.258000 0.786464 1.693426 2.150852 1.525056
0.259000 0.787295 1.692762 2.149609 1.524542
0.260000 0.788130 1.692095 2.148360 1.524026
0.261000 0.788970 1.691425 2.147106 1.523507
0.262000 0.789815 1.690751 2.145846 1.522987
0.263000 0.790664 1.690074 2.144581 1.522465
0.264000 0.791519 1.689394 2.143309 1.521941
0.265000 0.792378 1.688711 2.142032 1.521415
0.266000 0.793242 1.688025 2.140750 1.520886
0.267000 0.794111 1.687335 2.139461 1.520356
0.268000 0.794985 1.686642 2.138167 1.519824
0.269000 0.795864 1.685946 2.136867 1.519289
0.270000 0.796748 1.685246 2.135561 1.518753
0.271000 0.797636 1.684544 2.134249 1.518215
0.272000 0.798530 1.683838 2.132932 1.517675
0.273000 0.799428 1.683129 2.131608 1.517133
0.274000 0.800332 1.682417 2.130279 1.516589
0.275000 0.801241 1.681702 2.128944 1.516043
0.276000 0.802154 1.680983 2.127603 1.515495
0.277000 0.803073 1.680261 2.126256 1.514945
0.278000 0.803996 1.679537 2.124904 1.514394
0.279000 0.804925 1.678809 2.123545 1.513840
0.280000 0.805859 1.678077 2.122181 1.513285
0.281000 0.806798 1.677343 2.120811 1.512728
0.282000 0.807742 1.676606 2.119435 1.512169
0.283000 0.808691 1.675865 2.118053 1.511609
0.284000 0.809645 1.675122 2.116665 1.511046
0.285000 0.810605 1.674375 2.115271 1.510482
0.286000 0.811569 1.673625 2.113871 1.509916
0.287000 0.812539 1.672872 2.112465 1.509349
0.288000 0.813514 1.672116 2.111054 1.508780
0.289000 0.814494 1.671357 2.109636 1.508209
0.290000 0.815480 1.670595 2.108213 1.507636
0.291000 0.816470 1.669830 2.106783 1.507062
0.292000 0.817467 1.669062 2.105348 1.506486
0.293000 0.818468 1.668291 2.103906 1.505909
0.294000 0.819474 1.667517 2.102459 1.505330
0.295000 0.820486 1.666740 2.101005 1.504749
0.296000 0.821504 1.665960 2.099546 1.504167
0.297000 0.822526 1.665177 2.098081 1.503583
0.298000 0.823554 1.664391 2.096609 1.502998
0.299000 0.824588 1.663602 2.095132 1.502412
0.300000 0.825627 1.662810 2.093649 1.501824
0.301000 0.826670 1.662016 2.092162 1.501235
0.302000 0.827715 1.661221 2.090673 1.500646
0.303000 0.828762 1.660426 2.089182 1.500057
0.304000 0.829812 1.659628 2.087689 1.499467
0.305000 0.830864 1.658830 2.086194 1.498877
0.306000 0.831918 1.658031 2.084697 1.498287
0.307000 0.832975 1.657231 2.083198 1.497697
0.308000 0.834035 1.656430 2.081697 1.497106
0.309000 0.835097 1.655627 2.080194 1.496516
0.310000 0.836161 1.654824 2.078689 1.495925
0.311000 0.837228 1.654019 2.077182 1.495334
0.312000 0.838297 1.653214 2.075673 1.494743
0.313000 0.839368 1.652407 2.074162 1.494151
0.314000 0.840443 1.651600 2.072649 1.493560
0.315000 0.841519 1.650792 2.071134 1.492969
0.316000 0.842599 1.649982 2.069617 1.492378
0.317000 0.843680 1.649172 2.068098 1.491786
0.318000 0.844765 1.648361 2.066578 1.491195
0.319000 0.845852 1.647549 2.065055 1.490604
0.320000 0.846941 1.646736 2.063530 1.490012
0.321000 0.848033 1.645922 2.062004 1.489421
0.322000 0.849128 1.645107 2.060475 1.488830
0.323000 0.850226 1.644292 2.058945 1.488240
0.324000 0.851326 1.643475 2.057412 1.487649
0.325000 0.852429 1.642658 2.055878 1.487059
0.326000 0.853534 1.641840 2.054342 1.486469
0.327000 0.854642 1.641022 2.052804 1.485879
0.328000 0.855753 1.640203 2.051264 1.485289
0.329000 0.856867 1.639383 2.049722 1.484700
0.330000 0.857983 1.638562 2.048179 1.484111
0.331000 0.859103 1.637741 2.046634 1.483523
0.332000 0.860224 1.636919 2.045087 1.482935
0.333000 0.861349 1.636096 2.043538 1.482348
0.334000 0.862477 1.635273 2.041987 1.481761
0.335000 0.863607 1.634450 2.040435 1.481174
0.336000 0.864741 1.633625 2.038881 1.480588
0.337000 0.865877 1.632801 2.037325 1.480003
0.338000 0.867016 1.631976 2.035768 1.479418
0.339000 0.868158 1.631150 2.034209 1.478834
0.340000 0.869303 1.630324 2.032648 1.478251
0.341000 0.870451 1.629498 2.031086 1.477669
0.342000 0.871602 1.628671 2.029522 1.477087
0.343000 0.872755 1.627844 2.027957 1.476506
0.344000 0.873912 1.627017 2.026390 1.475926
0.345000 0.875072 1.626189 2.024822 1.475347
0.346000 0.876235 1.625361 2.023252 1.474768
0.347000 0.877400 1.624533 2.021681 1.474191
0.348000 0.878569 1.623704 2.020108 1.473615
0.349000 0.879741 1.622876 2.018534 1.473039
0.350000 0.880916 1.622047 2.016959 1.472465
0.351000 0.882094 1.621219 2.015382 1.471892
0.352000 0.883275 1.620390 2.013804 1.471320
0.353000 0.884459 1.619561 2.012224 1.470749
0.354000 0.885646 1.618732 2.010644 1.470179
0.355000 0.886837 1.617903 2.009062 1.469610
0.356000 0.888030 1.617074 2.007479 1.469043
0.357000 0.889227 1.616245 2.005894 1.468477
0.358000 0.890426 1.615417 2.004309 1.467913
0.359000 0.891629 1.614588 2.002722 1.467350
0.360000 0.892835 1.613760 2.001135 1.466788
0.361000 0.894044 1.612932 1.999546 1.466227
0.362000 0.895257 1.612104 1.997957 1.465669
0.363000 0.896472 1.611276 1.996366 1.465111
0.364000 0.897691 1.610449 1.994774 1.464555
0.365000 0.898913 1.609622 1.993182 1.464001
0.366000 0.900138 1.608795 1.991588 1.463449
0.367000 0.901366 1.607969 1.989994 1.462898
0.368000 0.902598 1.607143 1.988399 1.462349
0.369000 0.903832 1.606318 1.986803 1.461801
0.370000 0.905070 1.605493 1.985206 1.461255
0.371000 0.906311 1.604668 1.983609 1.460711
0.372000 0.907556 1.603844 1.982011 1.460169
0.373000 0.908803 1.603021 1.980412 1.459629
0.374000 0.910054 1.602198 1.978813 1.459091
0.375000 0.911307 1.601376 1.977213 1.458554
0.376000 0.912564 1.600555 1.975612 1.458020
0.377000 0.913825 1.599735 1.974011 1.457487
0.378000 0.915088 1.598915 1.972410 1.456957
0.379000 0.916355 1.598096 1.970807 1.456429
0.380000 0.917624 1.597277 1.969205 1.455902
0.381000 0.918897 1.596460 1.967602 1.455378
0.382000 0.920173 1.595643 1.965999 1.454856
0.383000 0.921452 1.594828 1.964395 1.454336
0.384000 0.922735 1.594013 1.962791 1.453818
0.385000 0.924020 1.593199 1.961187 1.453303
0.386000 0.925309 1.592386 1.959582 1.452790
0.387000 0.926600 1.591575 1.957978 1.452279
0.388000 0.927895 1.590764 1.956373 1.451770
0.389000 0.929193 1.589954 1.954768 1.451264
0.390000 0.930494 1.589146 1.953163 1.450760
0.391000 0.931797 1.588338 1.951558 1.450259
0.392000 0.933104 1.587532 1.949952 1.449760
0.393000 0.934414 1.586727 1.948347 1.449263
0.394000 0.935727 1.585924 1.946742 1.448769
0.395000 0.937043 1.585121 1.945136 1.448277
0.396000 0.938362 1.584320 1.943531 1.447788
0.397000 0.939684 1.583520 1.941926 1.447301
0.398000 0.941008 1.582722 1.940321 1.446817
0.399000 0.942336 1.581925 1.938716 1.446336
0.400000 0.943666 1.581129 1.937112 1.445857
0.401000 0.944999 1.580335 1.935507 1.445381
0.402000 0.946335 1.579542 1.933903 1.444907
0.403000 0.947674 1.578750 1.932299 1.444436
0.404000 0.949015 1.577961 1.930695 1.443968
0.405000 0.950360 1.577172 1.929092 1.443502
0.406000 0.951707 1.576386 1.927489 1.443039
0.407000 0.953056 1.575601 1.925886 1.442579
0.408000 0.954408 1.574817 1.924284 1.442122
0.409000 0.955763 1.574036 1.922682 1.441667
0.410000 0.957120 1.573255 1.921081 1.441215
0.411000 0.958480 1.572477 1.919480 1.440766
0.412000 0.959842 1.571700 1.917880 1.440320
0.413000 0.961207 1.570925 1.916280 1.439876
0.414000 0.962574 1.570152 1.914681 1.439435
0.415000 0.963944 1.569381 1.913082 1.438998
0.416000 0.965316 1.568611 1.911484 1.438563
0.417000 0.966690 1.567844 1.909886 1.438131
0.418000 0.968066 1.567078 1.908290 1.437701
0.419000 0.969445 1.566314 1.906693 1.437275
0.420000 0.970826 1.565552 1.905098 1.436851
0.421000 0.972209 1.564792 1.903503 1.436431
0.422000 0.973594 1.564034 1.901909 1.436013
0.423000 0.974981 1.563278 1.900316 1.435598
0.424000 0.976369 1.562523 1.898723 1.435186
0.425000 0.977760 1.561771 1.897131 1.434777
0.426000 0.979153 1.561021 1.895540 1.434371
0.427000 0.980548 1.560273 1.893950 1.433968
0.428000 0.981944 1.559527 1.892361 1.433567
0.429000 0.983342 1.558783 1.890772 1.433170
0.430000 0.984742 1.558041 1.889185 1.432776
0.431000 0.986143 1.557302 1.887598 1.432384
0.432000 0.987546 1.556564 1.886012 1.431995
0.433000 0.988950 1.555829 1.884427 1.431610
0.434000 0.990356 1.555095 1.882843 1.431227
0.435000 0.991764 1.554364 1.881260 1.430847
0.436000 0.993172 1.553635 1.879678 1.430470
0.437000 0.994582 1.552909 1.878097 1.430096
0.438000 0.995993 1.552184 1.876517 1.429725
0.439000 0.997405 1.551462 1.874938 1.429356
0.440000 0.998819 1.550742 1.873359 1.428991
0.441000 1.000233 1.550025 1.871782 1.428628
0.442000 1.001648 1.549309 1.870206 1.428269
0.443000 1.003065 1.548596 1.868631 1.427912
0.444000 1.004482 1.547885 1.867057 1.427558
0.445000 1.005900 1.547177 1.865484 1.427207
0.446000 1.007318 1.546471 1.863913 1.426858
0.447000 1.008738 1.545767 1.862342 1.426513
0.448000 1.010158 1.545066 1.860772 1.426170
0.449000 1.011578 1.544367 1.859203 1.425830
0.450000 1.012999 1.543670 1.857636 1.425493
0.451000 1.014420 1.542976 1.856070 1.425159
0.452000 1.015842 1.542284 1.854504 1.424827
0.453000 1.017264 1.541594 1.852940 1.424498
0.454000 1.018686 1.540907 1.851377 1.424172
0.455000 1.020108 1.540222 1.849815 1.423848
0.456000 1.021530 1.539540 1.848255 1.423528
0.457000 1.022952 1.538860 1.846695 1.423210
0.458000 1.024374 1.538182 1.845137 1.422894
0.459000 1.025796 1.537507 1.843579 1.422581
0.460000 1.027218 1.536834 1.842023 1.422271
0.461000 1.028639 1.536164 1.840468 1.421964
0.462000 1.030060 1.535496 1.838915 1.421659
0.463000 1.031481 1.534831 1.837362 1.421356
0.464000 1.032901 1.534168 1.835810 1.421056
0.465000 1.034320 1.533507 1.834260 1.420759
0.466000 1.035739 1.532849 1.832711 1.420464
0.467000 1.037157 1.532194 1.831163 1.420172
0.468000 1.038575 1.531541 1.829616 1.419882
0.469000 1.039991 1.530890 1.828071 1.419594
0.470000 1.041407 1.530241 1.826526 1.419309
0.471000 1.042821 1.529596 1.824983 1.419026
0.472000 1.044235 1.528952 1.823441 1.418746
0.473000 1.045647 1.528311 1.821900 1.418468
0.474000 1.047058 1.527673 1.820360 1.418192
0.475000 1.048468 1.527037 1.818821 1.417919
0.476000 1.049877 1.526403 1.817284 1.417648
0.477000 1.051284 1.525772 1.815748 1.417379
0.478000 1.052689 1.525143 1.814213 1.417112
0.479000 1.054093 1.524516 1.812679 1.416848
0.480000 1.055496 1.523892 1.811146 1.416585
0.481000 1.056897 1.523271 1.809615 1.416325
0.482000 1.058296 1.522652 1.808084 1.416067
0.483000 1.059693 1.522035 1.806555 1.415811
0.484000 1.061088 1.521421 1.805027 1.415557
0.485000 1.062482 1.520809 1.803500 1.415305
0.486000 1.063873 1.520199 1.801974 1.415056
0.487000 1.065262 1.519592 1.800450 1.414808
0.488000 1.066650 1.518987 1.798926 1.414562
0.489000 1.068035 1.518385 1.797404 1.414318
0.490000 1.069418 1.517785 1.795883 1.414076
0.491000 1.070798 1.517187 1.794363 1.413836
0.492000 1.072176 1.516592 1.792844 1.413598
0.493000 1.073552 1.515999 1.791326 1.413362
0.494000 1.074925 1.515408 1.789810 1.413127
0.495000 1.076296 1.514819 1.788294 1.412895
0.496000 1.077664 1.514233 1.786780 1.412664
0.497000 1.079030 1.513650 1.785267 1.412435
0.498000 1.080393 1.513068 1.783755 1.412207
0.499000 1.081753 1.512489 1.782245 1.411982
0.500000 1.083110 1.511912 1.780735 1.411758
0.501000 1.084465 1.511337 1.779226 1.411535
0.502000 1.085816 1.510765 1.777719 1.411315
0.503000 1.087165 1.510195 1.776213 1.411096
0.504000 1.088511 1.509627 1.774708 1.410878
0.505000 1.089854 1.509061 1.773204 1.410662
0.506000 1.091194 1.508498 1.771701 1.410448
0.507000 1.092531 1.507937 1.770200 1.410235
0.508000 1.093864 1.507377 1.768699 1.410024
0.509000 1.095195 1.506821 1.767200 1.409814
0.510000 1.096522 1.506266 1.765702 1.409606
0.511000 1.097847 1.505713 1.764205 1.409399
0.512000 1.099168 1.505163 1.762709 1.409194
0.513000 1.100486 1.504615 1.761214 1.408990
0.514000 1.101800 1.504068 1.759721 1.408788
0.515000 1.103111 1.503524 1.758229 1.408587
0.516000 1.104419 1.502982 1.756738 1.408387
0.517000 1.105724 1.502443 1.755248 1.408189
0.518000 1.107025 1.501905 1.753759 1.407992
0.519000 1.108323 1.501369 1.752271 1.407797
0.520000 1.109617 1.500836 1.750785 1.407602
0.521000 1.110908 1.500304 1.749300 1.407409
0.522000 1.112196 1.499774 1.747816 1.407218
0.523000 1.113480 1.499247 1.746333 1.407028
0.524000 1.114761 1.498721 1.744852 1.406839
0.525000 1.116039 1.498198 1.743372 1.406651
0.526000 1.117313 1.497676 1.741893 1.406465
0.527000 1.118583 1.497157 1.740415 1.406280
0.528000 1.119850 1.496639 1.738938 1.406096
0.529000 1.121114 1.496124 1.737463 1.405913
0.530000 1.122374 1.495610 1.735989 1.405732
0.531000 1.123631 1.495098 1.734516 1.405552
0.532000 1.124884 1.494588 1.733045 1.405373
0.533000 1.126135 1.494080 1.731575 1.405196
0.534000 1.127381 1.493574 1.730106 1.405019
0.535000 1.128624 1.493070 1.728639 1.404844
0.536000 1.129864 1.492568 1.727172 1.404670
0.537000 1.131101 1.492068 1.725708 1.404498
0.538000 1.132334 1.491569 1.724244 1.404326
0.539000 1.133564 1.491073 1.722782 1.404156
0.540000 1.134790 1.490578 1.721321 1.403987
0.541000 1.136014 1.490085 1.719862 1.403820
0.542000 1.137234 1.489594 1.718404 1.403653
0.543000 1.138451 1.489104 1.716948 1.403488
0.544000 1.139664 1.488617 1.715493 1.403324
0.545000 1.140875 1.488131 1.714039 1.403161
0.546000 1.142082 1.487647 1.712587 1.403000
0.547000 1.143286 1.487165 1.711136 1.402840
0.548000 1.144488 1.486684 1.709687 1.402681
0.549000 1.145686 1.486206 1.708239 1.402523
0.550000 1.146881 1.485729 1.706793 1.402367
0.551000 1.148073 1.485254 1.705348 1.402212
0.552000 1.149262 1.484780 1.703905 1.402058
0.553000 1.150449 1.484309 1.702464 1.401905
0.554000 1.151632 1.483839 1.701024 1.401754
0.555000 1.152813 1.483370 1.699585 1.401604
0.556000 1.153991 1.482904 1.698148 1.401456
0.557000 1.155166 1.482439 1.696713 1.401308
0.558000 1.156339 1.481976 1.695279 1.401162
0.559000 1.157509 1.481514 1.693847 1.401018
0.560000 1.158676 1.481054 1.692417 1.400875
0.561000 1.159841 1.480596 1.690988 1.400733
0.562000 1.161004 1.480139 1.689561 1.400592
0.563000 1.162164 1.479685 1.688136 1.400453
0.564000 1.163321 1.479231 1.686712 1.400316
0.565000 1.164477 1.478780 1.685291 1.400180
0.566000 1.165630 1.478330 1.683870 1.400045
0.567000 1.166781 1.477882 1.682452 1.399912
0.568000 1.167930 1.477435 1.681035 1.399780
0.569000 1.169076 1.476990 1.679621 1.399649
0.570000 1.170221 1.476546 1.678208 1.399520
0.571000 1.171363 1.476105 1.676796 1.399393
0.572000 1.172504 1.475664 1.675387 1.399267
0.573000 1.173643 1.475226 1.673979 1.399143
0.574000 1.174780 1.474789 1.672574 1.399020
0.575000 1.175915 1.474353 1.671170 1.398899
0.576000 1.177048 1.473920 1.669768 1.398779
0.577000 1.178180 1.473487 1.668368 1.398661
0.578000 1.179311 1.473057 1.666969 1.398545
0.579000 1.180439 1.472628 1.665573 1.398430
0.580000 1.181567 1.472200 1.664179 1.398316
0.581000 1.182693 1.471774 1.662786 1.398205
0.582000 1.183817 1.471350 1.661395 1.398095
0.583000 1.184940 1.470927 1.660007 1.397986
0.584000 1.186063 1.470506 1.658620 1.397880
0.585000 1.187183 1.470086 1.657235 1.397775
0.586000 1.188303 1.469668 1.655853 1.397672
0.587000 1.189422 1.469251 1.654472 1.397570
0.588000 1.190540 1.468836 1.653093 1.397470
0.589000 1.191657 1.468422 1.651716 1.397372
0.590000 1.192773 1.468010 1.650341 1.397276
0.591000 1.193888 1.467600 1.648969 1.397182
0.592000 1.195002 1.467191 1.647598 1.397089
0.593000 1.196116 1.466784 1.646229 1.396998
0.594000 1.197229 1.466378 1.644862 1.396909
0.595000 1.198342 1.465974 1.643498 1.396822
0.596000 1.199454 1.465571 1.642135 1.396736
0.597000 1.200565 1.465169 1.640774 1.396653
0.598000 1.201677 1.464770 1.639416 1.396571
0.599000 1.202787 1.464371 1.638059 1.396491
0.600000 1.203898 1.463975 1.636704 1.396413
0.601000 1.205008 1.463580 1.635352 1.396337
0.602000 1.206119 1.463186 1.634001 1.396263
0.603000 1.207229 1.462794 1.632653 1.396191
0.604000 1.208339 1.462403 1.631306 1.396121
0.605000 1.209449 1.462014 1.629962 1.396052
0.606000 1.210559 1.461626 1.628620 1.395986
0.607000 1.211670 1.461240 1.627279 1.395922
0.608000 1.212780 1.460855 1.625941 1.395859
0.609000 1.213891 1.460472 1.624605 1.395799
0.610000 1.215002 1.460090 1.623270 1.395740
0.611000 1.216113 1.459710 1.621938 1.395684
0.612000 1.217225 1.459331 1.620608 1.395629
0.613000 1.218337 1.458954 1.619280 1.395577
0.614000 1.219450 1.458578 1.617953 1.395526
0.615000 1.220563 1.458204 1.616629 1.395478
0.616000 1.221677 1.457831 1.615307 1.395432
0.617000 1.222791 1.457459 1.613987 1.395387
0.618000 1.223907 1.457089 1.612668 1.395345
0.619000 1.225022 1.456721 1.611352 1.395305
0.620000 1.226139 1.456354 1.610037 1.395266
0.621000 1.227257 1.455988 1.608725 1.395230
0.622000 1.228375 1.455624 1.607414 1.395196
0.623000 1.229494 1.455262 1.606105 1.395164
0.624000 1.230615 1.454900 1.604798 1.395134
0.625000 1.231736 1.454541 1.603493 1.395107
0.626000 1.232858 1.454182 1.602190 1.395081
0.627000 1.233982 1.453825 1.600888 1.395057
0.628000 1.235106 1.453470 1.599589 1.395036
0.629000 1.236232 1.453116 1.598291 1.395016
0.630000 1.237359 1.452763 1.596995 1.394999
0.631000 1.238487 1.452412 1.595701 1.394984
0.632000 1.239617 1.452062 1.594408 1.394971
0.633000 1.240748 1.451714 1.593118 1.394960
0.634000 1.241880 1.451367 1.591828 1.394951
0.635000 1.243014 1.451021 1.590541 1.394944
0.636000 1.244149 1.450677 1.589255 1.394939
0.637000 1.245286 1.450334 1.587971 1.394937
0.638000 1.246424 1.449993 1.586688 1.394936
0.639000 1.247564 1.449653 1.585407 1.394938
0.640000 1.248705 1.449314 1.584128 1.394941
0.641000 1.249848 1.448977 1.582850 1.394947
0.642000 1.250992 1.448641 1.581574 1.394955
0.643000 1.252139 1.448306 1.580299 1.394965
0.644000 1.253287 1.447973 1.579025 1.394977
0.645000 1.254436 1.447641 1.577753 1.394991
0.646000 1.255588 1.447311 1.576482 1.395008
0.647000 1.256741 1.446982 1.575213 1.395026
0.648000 1.257896 1.446654 1.573945 1.395047
0.649000 1.259053 1.446327 1.572678 1.395069
0.650000 1.260212 1.446002 1.571412 1.395094
0.651000 1.261373 1.445678 1.570148 1.395120
0.652000 1.262536 1.445355 1.568885 1.395149
0.653000 1.263700 1.445034 1.567623 1.395180
0.654000 1.264867 1.444714 1.566362 1.395213
0.655000 1.266036 1.444395 1.565102 1.395248
0.656000 1.267206 1.444078 1.563843 1.395285
0.657000 1.268379 1.443761 1.562585 1.395324
0.658000 1.269554 1.443446 1.561328 1.395365
0.659000 1.270731 1.443132 1.560072 1.395408
0.660000 1.271909 1.442820 1.558817 1.395453
0.661000 1.273091 1.442508 1.557563 1.395500
0.662000 1.274274 1.442198 1.556309 1.395549
0.663000 1.275459 1.441889 1.555056 1.395600
0.664000 1.276647 1.441582 1.553804 1.395653
0.665000 1.277836 1.441275 1.552553 1.395709
0.666000 1.279028 1.440970 1.551302 1.395766
0.667000 1.280222 1.440665 1.550052 1.395825
0.668000 1.281418 1.440362 1.548802 1.395886
0.669000 1.282617 1.440060 1.547553 1.395949
0.670000 1.283818 1.439759 1.546304 1.396013
0.671000 1.285021 1.439460 1.545055 1.396080
0.672000 1.286226 1.439161 1.543807 1.396149
0.673000 1.287434 1.438864 1.542559 1.396220
0.674000 1.288643 1.438567 1.541312 1.396292
0.675000 1.289855 1.438272 1.540065 1.396367
0.676000 1.291070 1.437977 1.538817 1.396443
0.677000 1.292287 1.437684 1.537570 1.396521
0.678000 1.293506 1.437392 1.536323 1.396601
0.679000 1.294727 1.437101 1.535076 1.396683
0.680000 1.295951 1.436811 1.533829 1.396767
0.681000 1.297177 1.436521 1.532581 1.396853
0.682000 1.298405 1.436233 1.531334 1.396940
0.683000 1.299636 1.435946 1.530086 1.397029
0.684000 1.300869 1.435660 1.528838 1.397120
0.685000 1.302104 1.435374 1.527590 1.397213
0.686000 1.303342 1.435090 1.526341 1.397308
0.687000 1.304582 1.434807 1.525092 1.397404
0.688000 1.305824 1.434524 1.523842 1.397502
0.689000 1.307069 1.434242 1.522592 1.397602
0.690000 1.308316 1.433962 1.521341 1.397704
0.691000 1.309566 1.433682 1.520089 1.397807
0.692000 1.310817 1.433403 1.518837 1.397912
0.693000 1.312072 1.433125 1.517584 1.398019
0.694000 1.313328 1.432847 1.516330 1.398127
0.695000 1.314587 1.432571 1.515076 1.398237
0.696000 1.315848 1.432295 1.513820 1.398349
0.697000 1.317112 1.432020 1.512563 1.398463
0.698000 1.318377 1.431746 1.511305 1.398578
0.699000 1.319646 1.431472 1.510046 1.398695
0.700000 1.320916 1.431200 1.508786 1.398813
0.701000 1.322189 1.430928 1.507525 1.398933
0.702000 1.323464 1.430657 1.506262 1.399054
0.703000 1.324741 1.430386 1.504998 1.399178
0.704000 1.326021 1.430116 1.503733 1.399302
0.705000 1.327303 1.429847 1.502466 1.399429
0.706000 1.328587 1.429579 1.501198 1.399556
0.707000 1.329874 1.429311 1.499928 1.399686
0.708000 1.331163 1.429044 1.498656 1.399817
0.709000 1.332454 1.428777 1.497383 1.399949
0.710000 1.333748 1.428511 1.496107 1.400083
0.711000 1.335043 1.428246 1.494831 1.400219
0.712000 1.336341 1.427981 1.493552 1.400356
0.713000 1.337641 1.427717 1.492271 1.400494
0.714000 1.338944 1.427453 1.490988 1.400634
0.715000 1.340248 1.427190 1.489703 1.400776
0.716000 1.341555 1.426927 1.488417 1.400919
0.717000 1.342864 1.426665 1.487128 1.401063
0.718000 1.344176 1.426404 1.485836 1.401209
0.719000 1.345489 1.426143 1.484543 1.401356
0.720000 1.346805 1.425883 1.483247 1.401505
0.721000 1.348123 1.425623 1.481949 1.401655
0.722000 1.349443 1.425363 1.480648 1.401807
0.723000 1.350765 1.425104 1.479345 1.401960
0.724000 1.352089 1.424845 1.478039 1.402114
0.725000 1.353416 1.424587 1.476731 1.402270
0.726000 1.354744 1.424329 1.475420 1.402427
0.727000 1.356075 1.424072 1.474107 1.402586
0.728000 1.357408 1.423815 1.472791 1.402746
0.729000 1.358743 1.423559 1.471472 1.402907
0.730000 1.360080 1.423303 1.470150 1.403070
0.731000 1.361419 1.423047 1.468825 1.403234
0.732000 1.362760 1.422792 1.467498 1.403399
0.733000 1.364104 1.422537 1.466167 1.403566
0.734000 1.365449 1.422283 1.464833 1.403734
0.735000 1.366796 1.422029 1.463497 1.403904
0.736000 1.368146 1.421775 1.462157 1.404075
0.737000 1.369497 1.421521 1.460814 1.404247
0.738000 1.370851 1.421269 1.459469 1.404421
0.739000 1.372206 1.421016 1.458119 1.404596
0.740000 1.373564 1.420764 1.456767 1.404772
0.741000 1.374924 1.420512 1.455411 1.404950
0.742000 1.376285 1.420260 1.454052 1.405129
0.743000 1.377649 1.420009 1.452690 1.405309
0.744000 1.379014 1.419758 1.451325 1.405491
0.745000 1.380382 1.419508 1.449956 1.405674
0.746000 1.381752 1.419258 1.448583 1.405858
0.747000 1.383123 1.419008 1.447207 1.406044
0.748000 1.384497 1.418759 1.445828 1.406231
0.749000 1.385872 1.418510 1.444445 1.406420
0.750000 1.387249 1.418261 1.443059 1.406610
0.751000 1.388629 1.418013 1.441669 1.406801
0.752000 1.390010 1.417765 1.440275 1.406994
0.753000 1.391393 1.417518 1.438878 1.407188
0.754000 1.392779 1.417271 1.437477 1.407383
0.755000 1.394166 1.417025 1.436073 1.407580
0.756000 1.395555 1.416778 1.434665 1.407779
0.757000 1.396946 1.416533 1.433253 1.407978
0.758000 1.398339 1.416287 1.431838 1.408179
0.759000 1.399733 1.416043 1.430419 1.408382
0.760000 1.401130 1.415798 1.428997 1.408586
0.761000 1.402529 1.415555 1.427570 1.408791
0.762000 1.403930 1.415311 1.426141 1.408998
0.763000 1.405332 1.415068 1.424707 1.409207
0.764000 1.406736 1.414826 1.423270 1.409417
0.765000 1.408143 1.414584 1.421829 1.409628
0.766000 1.409551 1.414343 1.420384 1.409841
0.767000 1.410961 1.414103 1.418936 1.410055
0.768000 1.412373 1.413862 1.417484 1.410271
0.769000 1.413787 1.413623 1.416028 1.410488
0.770000 1.415203 1.413384 1.414569 1.410707
0.771000 1.416621 1.413146 1.413106 1.410928
0.772000 1.418041 1.412909 1.411639 1.411150
0.773000 1.419462 1.412672 1.410169 1.411374
0.774000 1.420886 1.412436 1.408695 1.411599
0.775000 1.422311 1.412200 1.407218 1.411826
0.776000 1.423739 1.411966 1.405737 1.412055
0.777000 1.425168 1.411732 1.404252 1.412285
0.778000 1.426599 1.411499 1.402764 1.412517
0.779000 1.428032 1.411267 1.401273 1.412750
0.780000 1.429467 1.411036 1.399778 1.412986
0.781000 1.430904 1.410805 1.398279 1.413223
0.782000 1.432343 1.410576 1.396777 1.413461
0.783000 1.433784 1.410347 1.395272 1.413702
0.784000 1.435227 1.410120 1.393764 1.413944
0.785000 1.436672 1.409893 1.392252 1.414188
0.786000 1.438118 1.409668 1.390736 1.414434
0.787000 1.439567 1.409443 1.389218 1.414681
0.788000 1.441017 1.409220 1.387696 1.414931
0.789000 1.442470 1.408998 1.386172 1.415182
0.790000 1.443925 1.408777 1.384644 1.415435
0.791000 1.445381 1.408557 1.383112 1.415690
0.792000 1.446839 1.408338 1.381578 1.415947
0.793000 1.448300 1.408121 1.380041 1.416206
0.794000 1.449762 1.407904 1.378501 1.416467
0.795000 1.451227 1.407690 1.376958 1.416729
0.796000 1.452693 1.407476 1.375412 1.416994
0.797000 1.454161 1.407264 1.373864 1.417261
0.798000 1.455632 1.407053 1.372312 1.417529
0.799000 1.457104 1.406844 1.370758 1.417800
0.800000 1.458578 1.406636 1.369201 1.418073
0.801000 1.460054 1.406430 1.367642 1.418348
0.802000 1.461533 1.406225 1.366080 1.418625
0.803000 1.463013 1.406022 1.364515 1.418904
0.804000 1.464495 1.405821 1.362948 1.419185
0.805000 1.465979 1.405621 1.361379 1.419468
0.806000 1.467466 1.405423 1.359807 1.419753
0.807000 1.468954 1.405227 1.358233 1.420041
0.808000 1.470444 1.405032 1.356657 1.420331
0.809000 1.471937 1.404839 1.355078 1.420623
0.810000 1.473431 1.404648 1.353498 1.420917
0.811000 1.474927 1.404459 1.351915 1.421213
0.812000 1.476426 1.404272 1.350331 1.421512
0.813000 1.477926 1.404087 1.348744 1.421813
0.814000 1.479428 1.403903 1.347156 1.422116
0.815000 1.480933 1.403722 1.345566 1.422421
0.816000 1.482439 1.403543 1.343974 1.422729
0.817000 1.483947 1.403366 1.342381 1.423039
0.818000 1.485458 1.403191 1.340786 1.423352
0.819000 1.486970 1.403018 1.339189 1.423666
0.820000 1.488484 1.402848 1.337591 1.423983
0.821000 1.490001 1.402679 1.335991 1.424303
0.822000 1.491519 1.402513 1.334390 1.424625
0.823000 1.493039 1.402349 1.332788 1.424949
0.824000 1.494562 1.402188 1.331185 1.425276
0.825000 1.496086 1.402028 1.329580 1.425605
0.826000 1.497612 1.401872 1.327975 1.425937
0.827000 1.499140 1.401717 1.326368 1.426271
0.828000 1.500671 1.401565 1.324760 1.426607
0.829000 1.502203 1.401416 1.323152 1.426946
0.830000 1.503737 1.401269 1.321543 1.427287
0.831000 1.505273 1.401124 1.319932 1.427631
0.832000 1.506810 1.400983 1.318322 1.427977
0.833000 1.508350 1.400843 1.316710 1.428326
0.834000 1.509892 1.400707 1.315098 1.428678
0.835000 1.511435 1.400573 1.313486 1.429032
0.836000 1.512981 1.400442 1.311873 1.429388
0.837000 1.514528 1.400313 1.310259 1.429747
0.838000 1.516077 1.400188 1.308646 1.430108
0.839000 1.517628 1.400065 1.307032 1.430472
0.840000 1.519181 1.399944 1.305418 1.430839
0.841000 1.520735 1.399827 1.303804 1.431208
0.842000 1.522291 1.399713 1.302189 1.431579
0.843000 1.523849 1.399601 1.300575 1.431953
0.844000 1.525409 1.399492 1.298961 1.432330
0.845000 1.526971 1.399386 1.297347 1.432709
0.846000 1.528534 1.399283 1.295733 1.433090
0.847000 1.530099 1.399184 1.294119 1.433475
0.848000 1.531665 1.399087 1.292506 1.433861
0.849000 1.533234 1.398993 1.290893 1.434251
0.850000 1.534803 1.398902 1.289280 1.434643
0.851000 1.536375 1.398814 1.287668 1.435037
0.852000 1.537948 1.398729 1.286056 1.435434
0.853000 1.539522 1.398647 1.284445 1.435833
0.854000 1.541099 1.398569 1.282835 1.436235
0.855000 1.542676 1.398493 1.281225 1.436639
0.856000 1.544255 1.398421 1.279617 1.437046
0.857000 1.545836 1.398352 1.278008 1.437456
0.858000 1.547418 1.398285 1.276401 1.437868
0.859000 1.549001 1.398222 1.274795 1.438282
0.860000 1.550586 1.398163 1.273190 1.438699
0.861000 1.552172 1.398106 1.271585 1.439118
0.862000 1.553759 1.398053 1.269982 1.439540
0.863000 1.555348 1.398003 1.268380 1.439964
0.864000 1.556937 1.397956 1.266779 1.440391
0.865000 1.558528 1.397912 1.265179 1.440820
0.866000 1.560121 1.397872 1.263580 1.441251
0.867000 1.561714 1.397834 1.261983 1.441685
0.868000 1.563308 1.397800 1.260387 1.442121
0.869000 1.564904 1.397770 1.258793 1.442560
0.870000 1.566500 1.397742 1.257200 1.443001
0.871000 1.568098 1.397718 1.255608 1.443444
0.872000 1.569696 1.397697 1.254018 1.443889
0.873000 1.571296 1.397680 1.252430 1.444337
0.874000 1.572896 1.397665 1.250843 1.444787
0.875000 1.574497 1.397654 1.249258 1.445239
0.876000 1.576099 1.397647 1.247674 1.445694
0.877000 1.577702 1.397642 1.246092 1.446151
0.878000 1.579305 1.397641 1.244512 1.446610
0.879000 1.580909 1.397643 1.242934 1.447071
0.880000 1.582514 1.397648 1.241357 1.447534
0.881000 1.584119 1.397657 1.239783 1.448000
0.882000 1.585725 1.397669 1.238210 1.448467
0.883000 1.587331 1.397684 1.236639 1.448937
0.884000 1.588938 1.397702 1.235071 1.449409
0.885000 1.590545 1.397724 1.233504 1.449882
0.886000 1.592153 1.397749 1.231939 1.450358
0.887000 1.593761 1.397777 1.230376 1.450836
0.888000 1.595369 1.397808 1.228816 1.451316
0.889000 1.596977 1.397843 1.227257 1.451797
0.890000 1.598586 1.397880 1.225701 1.452281
0.891000 1.600194 1.397921 1.224146 1.452766
0.892000 1.601803 1.397965 1.222594 1.453253
0.893000 1.603412 1.398013 1.221044 1.453742
0.894000 1.605021 1.398063 1.219497 1.454233
0.895000 1.606629 1.398117 1.217951 1.454726
0.896000 1.608238 1.398173 1.216408 1.455220
0.897000 1.609846 1.398233 1.214867 1.455716
0.898000 1.611455 1.398296 1.213329 1.456214
0.899000 1.613063 1.398362 1.211793 1.456713
0.900000 1.614670 1.398431 1.210259 1.457214
0.901000 1.616277 1.398503 1.208727 1.457717
0.902000 1.617884 1.398578 1.207198 1.458221
0.903000 1.619490 1.398656 1.205672 1.458727
0.904000 1.621096 1.398738 1.204147 1.459234
0.905000 1.622701 1.398822 1.202625 1.459742
0.906000 1.624306 1.398909 1.201106 1.460252
0.907000 1.625910 1.398999 1.199589 1.460763
0.908000 1.627513 1.399092 1.198074 1.461276
0.909000 1.629115 1.399188 1.196562 1.461790
0.910000 1.630717 1.399286 1.195053 1.462305
0.911000 1.632317 1.399388 1.193546 1.462822
0.912000 1.633917 1.399492 1.192041 1.463339
0.913000 1.635516 1.399599 1.190539 1.463858
0.914000 1.637113 1.399709 1.189040 1.464378
0.915000 1.638710 1.399822 1.187543 1.464899
0.916000 1.640305 1.399937 1.186048 1.465421
0.917000 1.641899 1.400055 1.184556 1.465944
0.918000 1.643492 1.400176 1.183067 1.466468
0.919000 1.645083 1.400299 1.181580 1.466993
0.920000 1.646673 1.400425 1.180096 1.467519
0.921000 1.648262 1.400554 1.178614 1.468046
0.922000 1.649849 1.400685 1.177135 1.468574
0.923000 1.651434 1.400819 1.175658 1.469102
0.924000 1.653018 1.400955 1.174184 1.469631
0.925000 1.654601 1.401094 1.172713 1.470161
0.926000 1.656182 1.401235 1.171244 1.470692
0.927000 1.657761 1.401378 1.169777 1.471223
0.928000 1.659338 1.401524 1.168314 1.471755
0.929000 1.660913 1.401672 1.166852 1.472288
0.930000 1.662486 1.401823 1.165393 1.472821
0.931000 1.664058 1.401976 1.163937 1.473354
0.932000 1.665627 1.402131 1.162484 1.473888
0.933000 1.667195 1.402288 1.161033 1.474423
0.934000 1.668760 1.402448 1.159584 1.474957
0.935000 1.670324 1.402609 1.158138 1.475493
0.936000 1.671885 1.402773 1.156695 1.476028
0.937000 1.673443 1.402939 1.155254 1.476564
0.938000 1.675000 1.403107 1.153815 1.477100
0.939000 1.676554 1.403277 1.152379 1.477636
0.940000 1.678106 1.403449 1.150946 1.478173
0.941000 1.679656 1.403623 1.149515 1.478709
0.942000 1.681203 1.403799 1.148087 1.479246
0.943000 1.682748 1.403977 1.146661 1.479783
0.944000 1.684290 1.404157 1.145238 1.480319
0.945000 1.685829 1.404338 1.143817 1.480856
0.946000 1.687366 1.404522 1.142398 1.481393
0.947000 1.688901 1.404707 1.140983 1.481930
0.948000 1.690432 1.404894 1.139569 1.482467
0.949000 1.691961 1.405083 1.138158 1.483003
0.950000 1.693487 1.405273 1.136750 1.483540
0.951000 1.695011 1.405465 1.135343 1.484076
0.952000 1.696531 1.405659 1.133940 1.484612
0.953000 1.698049 1.405854 1.132539 1.485148
0.954000 1.699564 1.406051 1.131140 1.485683
0.955000 1.701076 1.406249 1.129743 1.486218
0.956000 1.702585 1.406449 1.128350 1.486753
0.957000 1.704091 1.406650 1.126958 1.487288
0.958000 1.705594 1.406853 1.125569 1.487822
0.959000 1.707094 1.407057 1.124182 1.488356
0.960000 1.708591 1.407263 1.122798 1.488889
0.961000 1.710085 1.407469 1.121416 1.489422
0.962000 1.711576 1.407678 1.120036 1.489955
0.963000 1.713064 1.407887 1.118659 1.490487
0.964000 1.714549 1.408098 1.117284 1.491018
0.965000 1.716031 1.408310 1.115911 1.491549
0.966000 1.717509 1.408523 1.114541 1.492079
0.967000 1.718984 1.408737 1.113173 1.492609
0.968000 1.720456 1.408953 1.111807 1.493138
0.969000 1.721925 1.409170 1.110444 1.493667
0.970000 1.723391 1.409387 1.109083 1.494195
0.971000 1.724853 1.409606 1.107724 1.494722
0.972000 1.726313 1.409826 1.106368 1.495248
0.973000 1.727769 1.410047 1.105014 1.495774
0.974000 1.729221 1.410269 1.103662 1.496299
0.975000 1.730671 1.410491 1.102313 1.496824
0.976000 1.732117 1.410715 1.100966 1.497347
0.977000 1.733560 1.410940 1.099621 1.497870
0.978000 1.735000 1.411166 1.098278 1.498392
0.979000 1.736436 1.411392 1.096938 1.498914
0.980000 1.737870 1.411619 1.095600 1.499434
0.981000 1.739300 1.411848 1.094264 1.499954
0.982000 1.740726 1.412077 1.092930 1.500473
0.983000 1.742150 1.412306 1.091599 1.500991
0.984000 1.743570 1.412537 1.090270 1.501509
0.985000 1.744987 1.412768 1.088943 1.502025
0.986000 1.746401 1.413001 1.087619 1.502541
0.987000 1.747812 1.413233 1.086296 1.503055
0.988000 1.749219 1.413467 1.084976 1.503569
0.989000 1.750623 1.413701 1.083658 1.504082
0.990000 1.752024 1.413936 1.082343 1.504595
0.991000 1.753422 1.414172 1.081030 1.505106
0.992000 1.754817 1.414408 1.079718 1.505617
0.993000 1.756209 1.414645 1.078410 1.506126
0.994000 1.757597 1.414882 1.077103 1.506635
0.995000 1.758983 1.415120 1.075799 1.507143
0.996000 1.760365 1.415359 1.074497 1.507650
0.997000 1.761745 1.415598 1.073197 1.508156
0.998000 1.763121 1.415838 1.071899 1.508661
0.999000 1.764495 1.416078 1.070604 1.509166
1.000000 1.765865 1.416319 1.069311 1.509669
1.001000 1.767233 1.416561 1.068020 1.510172
1.002000 1.768597 1.416803 1.066732 1.510674
1.003000 1.769959 1.417046 1.065445 1.511175
1.004000 1.771318 1.417289 1.064161 1.511675
1.005000 1.772674 1.417532 1.062880 1.512175
1.006000 1.774028 1.417776 1.061600 1.512673
1.007000 1.775378 1.418021 1.060323 1.513171
1.008000 1.776726 1.418266 1.059048 1.513668
1.009000 1.778071 1.418512 1.057775 1.514164
1.010000 1.779414 1.418758 1.056505 1.514660
1.011000 1.780754 1.419005 1.055237 1.515154
1.012000 1.782092 1.419252 1.053971 1.515648
1.013000 1.783427 1.419499 1.052708 1.516141
1.014000 1.784759 1.419747 1.051447 1.516634
1.015000 1.786089 1.419996 1.050188 1.517125
1.016000 1.787417 1.420245 1.048932 1.517616
1.017000 1.788742 1.420495 1.047677 1.518107
1.018000 1.790065 1.420745 1.046426 1.518596
1.019000 1.791386 1.420995 1.045176 1.519085
1.020000 1.792705 1.421246 1.043929 1.519574
1.021000 1.794021 1.421498 1.042684 1.520061
1.022000 1.795335 1.421750 1.041442 1.520548
1.023000 1.796648 1.422003 1.040202 1.521035
1.024000 1.797958 1.422256 1.038964 1.521521
1.025000 1.799266 1.422509 1.037729 1.522006
1.026000 1.800572 1.422764 1.036496 1.522491
1.027000 1.801877 1.423018 1.035265 1.522975
1.028000 1.803179 1.423273 1.034037 1.523459
1.029000 1.804480 1.423529 1.032811 1.523942
1.030000 1.805779 1.423786 1.031588 1.524425
1.031000 1.807076 1.424042 1.030367 1.524908
1.032000 1.808372 1.424300 1.029148 1.525389
1.033000 1.809666 1.424558 1.027932 1.525871
1.034000 1.810958 1.424817 1.026718 1.526352
1.035000 1.812250 1.425076 1.025507 1.526833
1.036000 1.813539 1.425336 1.024298 1.527313
1.037000 1.814828 1.425596 1.023092 1.527794
1.038000 1.816114 1.425857 1.021888 1.528273
1.039000 1.817400 1.426119 1.020686 1.528753
1.040000 1.818685 1.426381 1.019487 1.529232
1.041000 1.819968 1.426644 1.018291 1.529711
1.042000 1.821250 1.426908 1.017097 1.530190
1.043000 1.822531 1.427172 1.015905 1.530669
1.044000 1.823811 1.427438 1.014716 1.531148
1.045000 1.825091 1.427703 1.013529 1.531626
1.046000 1.826369 1.427970 1.012345 1.532104
1.047000 1.827646 1.428237 1.011163 1.532583
1.048000 1.828923 1.428505 1.009984 1.533061
1.049000 1.830199 1.428774 1.008808 1.533539
1.050000 1.831474 1.429044 1.007633 1.534017
1.051000 1.832749 1.429314 1.006462 1.534495
1.052000 1.834023 1.429586 1.005293 1.534973
1.053000 1.835297 1.429858 1.004126 1.535451
1.054000 1.836570 1.430131 1.002962 1.535929
1.055000 1.837842 1.430405 1.001800 1.536408
1.056000 1.839115 1.430679 1.000641 1.536886
1.057000 1.840386 1.430955 0.999484 1.537365
1.058000 1.841658 1.431231 0.998330 1.537844
1.059000 1.842930 1.431509 0.997178 1.538322
1.060000 1.844201 1.431787 0.996029 1.538802
1.061000 1.845472 1.432067 0.994883 1.539281
1.062000 1.846743 1.432347 0.993738 1.539761
1.063000 1.848015 1.432628 0.992597 1.540241
1.064000 1.849286 1.432911 0.991458 1.540721
1.065000 1.850557 1.433194 0.990321 1.541202
1.066000 1.851829 1.433478 0.989187 1.541683
1.067000 1.853100 1.433764 0.988055 1.542164
1.068000 1.854372 1.434051 0.986926 1.542646
1.069000 1.855644 1.434338 0.985799 1.543128
1.070000 1.856917 1.434627 0.984675 1.543611
1.071000 1.858190 1.434917 0.983553 1.544094
1.072000 1.859463 1.435208 0.982434 1.544578
1.073000 1.860737 1.435500 0.981317 1.545063
1.074000 1.862012 1.435794 0.980202 1.545547
1.075000 1.863287 1.436088 0.979090 1.546033
1.076000 1.864562 1.436384 0.977981 1.546519
1.077000 1.865838 1.436681 0.976873 1.547006
1.078000 1.867115 1.436980 0.975769 1.547493
1.079000 1.868393 1.437279 0.974666 1.547981
1.080000 1.869672 1.437580 0.973566 1.548470
1.081000 1.870951 1.437882 0.972468 1.548959
1.082000 1.872231 1.438186 0.971373 1.549449
1.083000 1.873512 1.438491 0.970280 1.549940
1.084000 1.874795 1.438797 0.969189 1.550432
1.085000 1.876078 1.439105 0.968101 1.550924
1.086000 1.877362 1.439414 0.967015 1.551418
1.087000 1.878647 1.439724 0.965931 1.551912
1.088000 1.879934 1.440036 0.964849 1.552407
1.089000 1.881221 1.440349 0.963770 1.552903
1.090000 1.882510 1.440664 0.962693 1.553400
1.091000 1.883800 1.440980 0.961618 1.553898
1.092000 1.885091 1.441297 0.960546 1.554397
1.093000 1.886384 1.441617 0.959475 1.554897
1.094000 1.887677 1.441937 0.958407 1.555398
1.095000 1.888973 1.442259 0.957340 1.555900
1.096000 1.890269 1.442583 0.956276 1.556403
1.097000 1.891567 1.442908 0.955214 1.556907
1.098000 1.892867 1.443235 0.954154 1.557412
1.099000 1.894168 1.443564 0.953096 1.557919
1.100000 1.895471 1.443894 0.952040 1.558426
1.101000 1.896775 1.444225 0.950986 1.558935
1.102000 1.898081 1.444558 0.949934 1.559445
1.103000 1.899388 1.444893 0.948884 1.559956
1.104000 1.900697 1.445230 0.947836 1.560468
1.105000 1.902008 1.445568 0.946789 1.560982
1.106000 1.903320 1.445908 0.945745 1.561496
1.107000 1.904634 1.446249 0.944702 1.562013
1.108000 1.905950 1.446592 0.943661 1.562530
1.109000 1.907267 1.446937 0.942622 1.563049
1.110000 1.908587 1.447284 0.941584 1.563569
1.111000 1.909908 1.447632 0.940548 1.564090
1.112000 1.911231 1.447982 0.939514 1.564613
1.113000 1.912556 1.448334 0.938482 1.565137
1.114000 1.913882 1.448688 0.937451 1.565663
1.115000 1.915211 1.449043 0.936421 1.566190
1.116000 1.916542 1.449400 0.935393 1.566718
1.117000 1.917874 1.449759 0.934367 1.567249
1.118000 1.919208 1.450120 0.933342 1.567780
1.119000 1.920545 1.450482 0.932318 1.568313
1.120000 1.921883 1.450847 0.931296 1.568848
1.121000 1.923223 1.451213 0.930275 1.569384
1.122000 1.924566 1.451581 0.929255 1.569922
1.123000 1.925910 1.451950 0.928236 1.570461
1.124000 1.927256 1.452322 0.927219 1.571002
1.125000 1.928604 1.452695 0.926203 1.571544
1.126000 1.929955 1.453071 0.925188 1.572089
1.127000 1.931307 1.453448 0.924174 1.572634
1.128000 1.932662 1.453827 0.923161 1.573182
1.129000 1.934018 1.454207 0.922148 1.573731
1.130000 1.935377 1.454590 0.921137 1.574282
1.131000 1.936738 1.454975 0.920127 1.574835
1.132000 1.938100 1.455361 0.919117 1.575389
1.133000 1.939465 1.455749 0.918109 1.575946
1.134000 1.940832 1.456139 0.917101 1.576504
1.135000 1.942201 1.456531 0.916093 1.577063
1.136000 1.943572 1.456925 0.915087 1.577625
1.137000 1.944946 1.457321 0.914080 1.578188
1.138000 1.946321 1.457718 0.913075 1.578754
1.139000 1.947699 1.458118 0.912070 1.579321
1.140000 1.949078 1.458519 0.911065 1.579890
1.141000 1.950460 1.458922 0.910061 1.580461
1.142000 1.951843 1.459327 0.909056 1.581034
1.143000 1.953229 1.459734 0.908053 1.581608
1.144000 1.954617 1.460143 0.907049 1.582185
1.145000 1.956007 1.460554 0.906046 1.582764
1.146000 1.957399 1.460966 0.905042 1.583344
1.147000 1.958793 1.461381 0.904039 1.583927
1.148000 1.960189 1.461797 0.903035 1.584512
1.149000 1.961588 1.462215 0.902032 1.585098
1.150000 1.962988 1.462635 0.901028 1.585687
1.151000 1.964390 1.463057 0.900025 1.586278
1.152000 1.965795 1.463480 0.899021 1.586871
1.153000 1.967201 1.463906 0.898016 1.587466
1.154000 1.968609 1.464333 0.897012 1.588063
1.155000 1.970020 1.464762 0.896007 1.588662
1.156000 1.971432 1.465193 0.895001 1.589263
1.157000 1.972846 1.465626 0.893995 1.589866
1.158000 1.974263 1.466060 0.892988 1.590472
1.159000 1.975681 1.466497 0.891981 1.591079
1.160000 1.977101 1.466935 0.890973 1.591689
1.161000 1.978523 1.467375 0.889964 1.592301
1.162000 1.979947 1.467816 0.888955 1.592916
1.163000 1.981373 1.468260 0.887944 1.593532
1.164000 1.982801 1.468705 0.886933 1.594151
1.165000 1.984230 1.469152 0.885920 1.594772
1.166000 1.985662 1.469601 0.884907 1.595395
1.167000 1.987095 1.470051 0.883892 1.596021
1.168000 1.988530 1.470504 0.882876 1.596649
1.169000 1.989967 1.470957 0.881859 1.597279
1.170000 1.991405 1.471413 0.880841 1.597911
1.171000 1.992845 1.471870 0.879821 1.598546
1.172000 1.994287 1.472329 0.878800 1.599183
1.173000 1.995731 1.472790 0.877778 1.599823
1.174000 1.997176 1.473252 0.876754 1.600465
1.175000 1.998623 1.473716 0.875728 1.601109
1.176000 2.000072 1.474182 0.874701 1.601755
1.177000 2.001522 1.474649 0.873672 1.602405
1.178000 2.002974 1.475118 0.872641 1.603056
1.179000 2.004427 1.475589 0.871608 1.603710
1.180000 2.005882 1.476061 0.870574 1.604366
1.181000 2.007339 1.476535 0.869538 1.605025
1.182000 2.008797 1.477010 0.868500 1.605686
1.183000 2.010256 1.477487 0.867459 1.606350
1.184000 2.011717 1.477966 0.866417 1.607016
1.185000 2.013179 1.478446 0.865373 1.607685
1.186000 2.014643 1.478927 0.864326 1.608356
1.187000 2.016108 1.479410 0.863277 1.609030
1.188000 2.017574 1.479895 0.862226 1.609706
1.189000 2.019042 1.480381 0.861173 1.610385
1.190000 2.020511 1.480869 0.860118 1.611067
1.191000 2.021981 1.481358 0.859060 1.611751
1.192000 2.023453 1.481849 0.857999 1.612437
1.193000 2.024925 1.482341 0.856936 1.613126
1.194000 2.026399 1.482834 0.855871 1.613818
1.195000 2.027875 1.483329 0.854803 1.614512
1.196000 2.029351 1.483826 0.853732 1.615209
1.197000 2.030828 1.484324 0.852659 1.615909
1.198000 2.032307 1.484823 0.851583 1.616611
1.199000 2.033787 1.485324 0.850505 1.617316
1.200000 2.035267 1.485826 0.849423 1.618024
1.201000 2.036747 1.486329 0.848341 1.618733
1.202000 2.038222 1.486831 0.847257 1.619443
1.203000 2.039694 1.487333 0.846172 1.620154
1.204000 2.041162 1.487835 0.845087 1.620866
1.205000 2.042626 1.488337 0.844000 1.621579
1.206000 2.044086 1.488838 0.842913 1.622293
1.207000 2.045543 1.489339 0.841824 1.623008
1.208000 2.046995 1.489840 0.840735 1.623724
1.209000 2.048444 1.490340 0.839644 1.624441
1.210000 2.049888 1.490840 0.838552 1.625159
1.211000 2.051328 1.491339 0.837459 1.625878
1.212000 2.052764 1.491838 0.836365 1.626598
1.213000 2.054197 1.492336 0.835269 1.627319
1.214000 2.055625 1.492834 0.834173 1.628041
1.215000 2.057048 1.493331 0.833075 1.628764
1.216000 2.058468 1.493828 0.831976 1.629488
1.217000 2.059883 1.494324 0.830875 1.630213
1.218000 2.061295 1.494820 0.829774 1.630939
1.219000 2.062702 1.495315 0.828671 1.631665
1.220000 2.064104 1.495810 0.827567 1.632393
1.221000 2.065503 1.496304 0.826461 1.633122
1.222000 2.066897 1.496797 0.825355 1.633851
1.223000 2.068287 1.497290 0.824247 1.634582
1.224000 2.069672 1.497783 0.823138 1.635314
1.225000 2.071053 1.498275 0.822028 1.636046
1.226000 2.072430 1.498766 0.820917 1.636780
1.227000 2.073803 1.499257 0.819805 1.637514
1.228000 2.075171 1.499747 0.818691 1.638249
1.229000 2.076534 1.500237 0.817577 1.638986
1.230000 2.077894 1.500726 0.816462 1.639723
1.231000 2.079249 1.501215 0.815346 1.640461
1.232000 2.080599 1.501703 0.814229 1.641200
1.233000 2.081945 1.502190 0.813111 1.641940
1.234000 2.083287 1.502677 0.811992 1.642681
1.235000 2.084625 1.503164 0.810873 1.643422
1.236000 2.085958 1.503650 0.809752 1.644165
1.237000 2.087286 1.504136 0.808632 1.644908
1.238000 2.088611 1.504621 0.807510 1.645652
1.239000 2.089931 1.505105 0.806389 1.646398
1.240000 2.091246 1.505590 0.805266 1.647143
1.241000 2.092558 1.506073 0.804144 1.647890
1.242000 2.093864 1.506557 0.803021 1.648638
1.243000 2.095167 1.507040 0.801898 1.649386
1.244000 2.096465 1.507522 0.800775 1.650135
1.245000 2.097759 1.508004 0.799652 1.650885
1.246000 2.099049 1.508486 0.798529 1.651636
1.247000 2.100334 1.508968 0.797406 1.652387
1.248000 2.101615 1.509449 0.796283 1.653139
1.249000 2.102892 1.509930 0.795160 1.653892
1.250000 2.104165 1.510411 0.794038 1.654645
1.251000 2.105433 1.510891 0.792916 1.655399
1.252000 2.106697 1.511371 0.791795 1.656154
1.253000 2.107957 1.511851 0.790675 1.656910
1.254000 2.109213 1.512331 0.789555 1.657666
1.255000 2.110464 1.512811 0.788437 1.658423
1.256000 2.111712 1.513290 0.787319 1.659180
1.257000 2.112955 1.513770 0.786202 1.659938
1.258000 2.114195 1.514249 0.785086 1.660696
1.259000 2.115430 1.514728 0.783972 1.661455
1.260000 2.116661 1.515207 0.782859 1.662215
1.261000 2.117888 1.515687 0.781747 1.662975
1.262000 2.119111 1.516166 0.780637 1.663736
1.263000 2.120330 1.516645 0.779529 1.664497
1.264000 2.121545 1.517124 0.778422 1.665258
1.265000 2.122757 1.517603 0.777318 1.666020
1.266000 2.123964 1.518082 0.776215 1.666782
1.267000 2.125167 1.518562 0.775114 1.667545
1.268000 2.126367 1.519041 0.774016 1.668308
1.269000 2.127563 1.519521 0.772920 1.669071
1.270000 2.128754 1.520001 0.771826 1.669835
1.271000 2.129942 1.520481 0.770735 1.670599
1.272000 2.131127 1.520961 0.769646 1.671363
1.273000 2.132307 1.521441 0.768560 1.672128
1.274000 2.133484 1.521922 0.767477 1.672892
1.275000 2.134657 1.522403 0.766397 1.673657
1.276000 2.135826 1.522884 0.765320 1.674422
1.277000 2.136992 1.523365 0.764246 1.675187
1.278000 2.138154 1.523847 0.763176 1.675953
1.279000 2.139312 1.524329 0.762108 1.676718
1.280000 2.140467 1.524811 0.761044 1.677484
1.281000 2.141618 1.525294 0.759984 1.678249
1.282000 2.142766 1.525777 0.758927 1.679015
1.283000 2.143910 1.526260 0.757875 1.679780
1.284000 2.145050 1.526744 0.756826 1.680546
1.285000 2.146187 1.527228 0.755781 1.681311
1.286000 2.147321 1.527713 0.754740 1.682077
1.287000 2.148451 1.528198 0.753703 1.682842
1.288000 2.149577 1.528683 0.752670 1.683607
1.289000 2.150700 1.529169 0.751642 1.684372
1.290000 2.151820 1.529655 0.750618 1.685136
1.291000 2.152936 1.530142 0.749599 1.685901
1.292000 2.154049 1.530629 0.748584 1.686665
1.293000 2.155158 1.531117 0.747575 1.687429
1.294000 2.156264 1.531605 0.746570 1.688192
1.295000 2.157367 1.532094 0.745569 1.688956
1.296000 2.158466 1.532583 0.744574 1.689718
1.297000 2.159562 1.533072 0.743584 1.690481
1.298000 2.160655 1.533562 0.742599 1.691242
1.299000 2.161744 1.534053 0.741620 1.692004
1.300000 2.162830 1.534544 0.740645 1.692765
1.301000 2.163913 1.535035 0.739676 1.693525
1.302000 2.164993 1.535527 0.738713 1.694285
1.303000 2.166069 1.536019 0.737755 1.695044
1.304000 2.167142 1.536512 0.736803 1.695802
1.305000 2.168211 1.537005 0.735856 1.696560
1.306000 2.169278 1.537499 0.734915 1.697317
1.307000 2.170341 1.537993 0.733980 1.698073
1.308000 2.171400 1.538488 0.733051 1.698829
1.309000 2.172457 1.538983 0.732128 1.699583
1.310000 2.173510 1.539478 0.731211 1.700337
1.311000 2.174560 1.539974 0.730301 1.701090
1.312000 2.175607 1.540470 0.729396 1.701842
1.313000 2.176650 1.540966 0.728498 1.702593
1.314000 2.177691 1.541463 0.727605 1.703343
1.315000 2.178728 1.541960 0.726720 1.704092
1.316000 2.179761 1.542458 0.725840 1.704840
1.317000 2.180792 1.542955 0.724967 1.705586
1.318000 2.181819 1.543454 0.724101 1.706332
1.319000 2.182843 1.543952 0.723241 1.707076
1.320000 2.183863 1.544450 0.722388 1.707819
1.321000 2.184880 1.544949 0.721541 1.708561
1.322000 2.185894 1.545448 0.720702 1.709301
1.323000 2.186905 1.545947 0.719868 1.710041
1.324000 2.187912 1.546447 0.719042 1.710778
1.325000 2.188916 1.546946 0.718223 1.711515
1.326000 2.189917 1.547446 0.717410 1.712250
1.327000 2.190914 1.547945 0.716604 1.712983
1.328000 2.191908 1.548445 0.715805 1.713715
1.329000 2.192898 1.548945 0.715014 1.714445
1.330000 2.193885 1.549444 0.714229 1.715173
1.331000 2.194868 1.549944 0.713451 1.715900
1.332000 2.195848 1.550443 0.712680 1.716625
1.333000 2.196825 1.550943 0.711916 1.717349
1.334000 2.197798 1.551442 0.711160 1.718070
1.335000 2.198768 1.551941 0.710410 1.718790
1.336000 2.199734 1.552440 0.709668 1.719508
1.337000 2.200696 1.552939 0.708932 1.720224
1.338000 2.201655 1.553437 0.708204 1.720937
1.339000 2.202610 1.553935 0.707483 1.721649
1.340000 2.203561 1.554433 0.706769 1.722359
1.341000 2.204509 1.554930 0.706063 1.723067
1.342000 2.205454 1.555427 0.705363 1.723772
1.343000 2.206394 1.555923 0.704671 1.724476
1.344000 2.207331 1.556419 0.703986 1.725177
1.345000 2.208264 1.556914 0.703308 1.725876
1.346000 2.209193 1.557409 0.702637 1.726572
1.347000 2.210118 1.557903 0.701974 1.727266
1.348000 2.211039 1.558396 0.701318 1.727958
1.349000 2.211957 1.558889 0.700669 1.728647
1.350000 2.212870 1.559381 0.700027 1.729334
1.351000 2.213780 1.559872 0.699392 1.730018
1.352000 2.214686 1.560362 0.698764 1.730699
1.353000 2.215587 1.560851 0.698144 1.731378
1.354000 2.216484 1.561339 0.697531 1.732054
1.355000 2.217378 1.561826 0.696924 1.732728
1.356000 2.218267 1.562312 0.696325 1.733398
1.357000 2.219152 1.562797 0.695733 1.734066
1.358000 2.220032 1.563281 0.695148 1.734731
1.359000 2.220908 1.563763 0.694570 1.735393
1.360000 2.221780 1.564244 0.693999 1.736051
1.361000 2.222648 1.564724 0.693435 1.736707
1.362000 2.223511 1.565202 0.692878 1.737360
1.363000 2.224370 1.565679 0.692328 1.738010
1.364000 2.225224 1.566155 0.691785 1.738656
1.365000 2.226074 1.566629 0.691248 1.739299
1.366000 2.226919 1.567101 0.690719 1.739939
1.367000 2.227759 1.567571 0.690196 1.740575
1.368000 2.228595 1.568040 0.689680 1.741209
1.369000 2.229426 1.568507 0.689170 1.741838
1.370000 2.230252 1.568972 0.688668 1.742464
1.371000 2.231074 1.569436 0.688172 1.743087
1.372000 2.231890 1.569897 0.687682 1.743706
1.373000 2.232702 1.570356 0.687199 1.744322
1.374000 2.233508 1.570813 0.686723 1.744933
1.375000 2.234310 1.571268 0.686253 1.745541
1.376000 2.235106 1.571721 0.685790 1.746145
1.377000 2.235897 1.572172 0.685332 1.746746
1.378000 2.236684 1.572620 0.684882 1.747342
1.379000 2.237464 1.573066 0.684437 1.747935
1.380000 2.238240 1.573509 0.683999 1.748523
1.381000 2.239010 1.573950 0.683566 1.749108
1.382000 2.239775 1.574388 0.683140 1.749688
1.383000 2.240534 1.574824 0.682720 1.750264
1.384000 2.241288 1.575257 0.682306 1.750836
1.385000 2.242036 1.575687 0.681898 1.751404
1.386000 2.242779 1.576115 0.681495 1.751968
1.387000 2.243516 1.576539 0.681099 1.752527
1.388000 2.244247 1.576961 0.680708 1.753082
1.389000 2.244973 1.577379 0.680323 1.753632
1.390000 2.245692 1.577794 0.679944 1.754178
1.391000 2.246406 1.578207 0.679570 1.754719
1.392000 2.247114 1.578616 0.679202 1.755256
1.393000 2.247815 1.579022 0.678839 1.755788
1.394000 2.248511 1.579424 0.678481 1.756315
1.395000 2.249200 1.579823 0.678129 1.756837
1.396000 2.249884 1.580219 0.677782 1.757355
1.397000 2.250561 1.580611 0.677440 1.757868
1.398000 2.251232 1.581000 0.677104 1.758376
1.399000 2.251896 1.581384 0.676772 1.758879
1.400000 2.252554 1.581766 0.676446 1.759377
1.401000 2.253206 1.582143 0.676124 1.759870
1.402000 2.253851 1.582517 0.675808 1.760358
1.403000 2.254489 1.582887 0.675496 1.760841
1.404000 2.255121 1.583252 0.675189 1.761319
1.405000 2.255746 1.583614 0.674886 1.761791
1.406000 2.256365 1.583972 0.674588 1.762258
1.407000 2.256977 1.584326 0.674295 1.762720
1.408000 2.257581 1.584675 0.674006 1.763177
1.409000 2.258179 1.585020 0.673722 1.763628
1.410000 2.258770 1.585361 0.673441 1.764074
1.411000 2.259354 1.585698 0.673166 1.764514
1.412000 2.259931 1.586030 0.672894 1.764948
1.413000 2.260501 1.586358 0.672627 1.765377
1.414000 2.261064 1.586681 0.672363 1.765801
1.415000 2.261620 1.587000 0.672104 1.766218
1.416000 2.262168 1.587314 0.671848 1.766630
1.417000 2.262709 1.587623 0.671597 1.767037
1.418000 2.263242 1.587928 0.671349 1.767437
1.419000 2.263769 1.588228 0.671105 1.767832
1.420000 2.264288 1.588523 0.670865 1.768221
1.421000 2.264799 1.588813 0.670628 1.768603
1.422000 2.265303 1.589098 0.670395 1.768980
1.423000 2.265799 1.589378 0.670166 1.769351
1.424000 2.266287 1.589654 0.669940 1.769716
1.425000 2.266768 1.589924 0.669717 1.770075
1.426000 2.267242 1.590189 0.669498 1.770428
1.427000 2.267707 1.590449 0.669282 1.770775
1.428000 2.268165 1.590704 0.669070 1.771115
1.429000 2.268615 1.590953 0.668860 1.771450
1.430000 2.269057 1.591198 0.668654 1.771778
1.431000 2.269491 1.591437 0.668451 1.772100
1.432000 2.269917 1.591670 0.668251 1.772415
1.433000 2.270336 1.591899 0.668053 1.772725
1.434000 2.270746 1.592121 0.667859 1.773028
1.435000 2.271148 1.592339 0.667668 1.773324
1.436000 2.271542 1.592551 0.667479 1.773615
1.437000 2.271928 1.592757 0.667294 1.773898
1.438000 2.272306 1.592958 0.667111 1.774176
1.439000 2.272676 1.593153 0.666931 1.774447
1.440000 2.273038 1.593343 0.666753 1.774711
1.441000 2.273392 1.593527 0.666579 1.774969
1.442000 2.273737 1.593705 0.666407 1.775221
1.443000 2.274074 1.593878 0.666237 1.775466
1.444000 2.274403 1.594045 0.666070 1.775704
1.445000 2.274724 1.594207 0.665906 1.775936
1.446000 2.275036 1.594362 0.665744 1.776161
1.447000 2.275340 1.594512 0.665584 1.776380
1.448000 2.275636 1.594656 0.665427 1.776592
1.449000 2.275923 1.594795 0.665272 1.776797
1.450000 2.276202 1.594927 0.665120 1.776996
1.451000 2.276473 1.595054 0.664970 1.777188
1.452000 2.276735 1.595175 0.664823 1.777373
1.453000 2.276989 1.595290 0.664678 1.777552
1.454000 2.277234 1.595400 0.664535 1.777724
1.455000 2.277472 1.595503 0.664394 1.777889
1.456000 2.277701 1.595601 0.664256 1.778048
1.457000 2.277921 1.595693 0.664120 1.778200
1.458000 2.278133 1.595779 0.663987 1.778345
1.459000 2.278337 1.595859 0.663855 1.778484
1.460000 2.278532 1.595933 0.663726 1.778616
1.461000 2.278719 1.596002 0.663599 1.778741
1.462000 2.278898 1.596065 0.663475 1.778859
1.463000 2.279068 1.596121 0.663352 1.778971
1.464000 2.279230 1.596173 0.663232 1.779076
1.465000 2.279384 1.596218 0.663115 1.779175
1.466000 2.279529 1.596257 0.662999 1.779266
1.467000 2.279666 1.596291 0.662886 1.779351
1.468000 2.279795 1.596319 0.662775 1.779430
1.469000 2.279915 1.596342 0.662667 1.779502
1.470000 2.280027 1.596358 0.662560 1.779567
1.471000 2.280131 1.596369 0.662457 1.779625
1.472000 2.280227 1.596374 0.662355 1.779677
1.473000 2.280314 1.596374 0.662256 1.779722
1.474000 2.280394 1.596368 0.662159 1.779761
1.475000 2.280465 1.596356 0.662065 1.779793
1.476000 2.280528 1.596339 0.661973 1.779818
1.477000 2.280583 1.596316 0.661883 1.779837
1.478000 2.280630 1.596287 0.661796 1.779849
1.479000 2.280669 1.596253 0.661712 1.779855
1.480000 2.280700 1.596214 0.661630 1.779854
1.481000 2.280723 1.596169 0.661551 1.779847
1.482000 2.280738 1.596119 0.661474 1.779833
1.483000 2.280745 1.596064 0.661400 1.779813
1.484000 2.280744 1.596003 0.661329 1.779787
1.485000 2.280736 1.595936 0.661260 1.779754
1.486000 2.280719 1.595865 0.661194 1.779715
1.487000 2.280695 1.595788 0.661131 1.779669
1.488000 2.280663 1.595706 0.661070 1.779617
1.489000 2.280624 1.595619 0.661013 1.779559
1.490000 2.280576 1.595527 0.660958 1.779495
1.491000 2.280522 1.595430 0.660907 1.779424
1.492000 2.280459 1.595328 0.660858 1.779347
1.493000 2.280389 1.595221 0.660813 1.779264
1.494000 2.280312 1.595109 0.660770 1.779175
1.495000 2.280227 1.594992 0.660731 1.779080
1.496000 2.280135 1.594870 0.660695 1.778979
1.497000 2.280036 1.594744 0.660662 1.778871
1.498000 2.279929 1.594612 0.660632 1.778758
1.499000 2.279815 1.594476 0.660606 1.778639
1.500000 2.279694 1.594336 0.660583 1.778513
