0 0 0 3 6 7
0.000000 2.262464 1.578193 0.673784 1.748740
0.001000 2.262462 1.578192 0.673785 1.748739
0.002000 2.262455 1.578189 0.673788 1.748737
0.003000 2.262443 1.578184 0.673792 1.748732
0.004000 2.262426 1.578177 0.673799 1.748725
0.005000 2.262404 1.578169 0.673808 1.748717
0.006000 2.262378 1.578158 0.673819 1.748707
0.007000 2.262347 1.578146 0.673831 1.748695
0.008000 2.262311 1.578131 0.673846 1.748681
0.009000 2.262270 1.578115 0.673862 1.748665
0.010000 2.262224 1.578096 0.673881 1.748647
0.011000 2.262174 1.578076 0.673901 1.748628
0.012000 2.262119 1.578054 0.673924 1.748606
0.013000 2.262059 1.578030 0.673948 1.748583
0.014000 2.261994 1.578004 0.673975 1.748558
0.015000 2.261925 1.577976 0.674003 1.748531
0.016000 2.261851 1.577946 0.674033 1.748502
0.017000 2.261772 1.577915 0.674066 1.748471
0.018000 2.261688 1.577881 0.674100 1.748438
0.019000 2.261599 1.577845 0.674137 1.748404
0.020000 2.261506 1.577808 0.674175 1.748367
0.021000 2.261408 1.577769 0.674215 1.748329
0.022000 2.261305 1.577727 0.674258 1.748289
0.023000 2.261198 1.577684 0.674302 1.748247
0.024000 2.261085 1.577639 0.674349 1.748203
0.025000 2.260968 1.577592 0.674397 1.748157
0.026000 2.260846 1.577543 0.674448 1.748109
0.027000 2.260720 1.577492 0.674501 1.748060
0.028000 2.260588 1.577440 0.674556 1.748008
0.029000 2.260452 1.577385 0.674613 1.747955
0.030000 2.260312 1.577329 0.674672 1.747899
0.031000 2.260166 1.577270 0.674733 1.747842
0.032000 2.260016 1.577210 0.674796 1.747783
0.033000 2.259861 1.577148 0.674861 1.747722
0.034000 2.259702 1.577084 0.674929 1.747659
0.035000 2.259537 1.577018 0.674999 1.747594
0.036000 2.259368 1.576951 0.675071 1.747527
0.037000 2.259195 1.576881 0.675145 1.747459
0.038000 2.259016 1.576810 0.675221 1.747388
0.039000 2.258833 1.576736 0.675300 1.747315
0.040000 2.258645 1.576661 0.675381 1.747241
0.041000 2.258453 1.576584 0.675464 1.747164
0.042000 2.258256 1.576505 0.675549 1.747086
0.043000 2.258054 1.576424 0.675637 1.747006
0.044000 2.257848 1.576342 0.675727 1.746923
0.045000 2.257637 1.576257 0.675819 1.746839
0.046000 2.257421 1.576171 0.675914 1.746753
0.047000 2.257201 1.576083 0.676010 1.746665
0.048000 2.256976 1.575993 0.676110 1.746574
0.049000 2.256747 1.575901 0.676211 1.746482
0.050000 2.256513 1.575808 0.676315 1.746388
0.051000 2.256274 1.575712 0.676422 1.746292
0.052000 2.256030 1.575615 0.676531 1.746194
0.053000 2.255783 1.575516 0.676642 1.746094
0.054000 2.255530 1.575415 0.676756 1.745992
0.055000 2.255273 1.575312 0.676872 1.745888
0.056000 2.255011 1.575208 0.676991 1.745782
0.057000 2.254745 1.575102 0.677112 1.745674
0.058000 2.254474 1.574994 0.677236 1.745564
0.059000 2.254199 1.574884 0.677362 1.745452
0.060000 2.253919 1.574772 0.677491 1.745338
0.061000 2.253635 1.574658 0.677623 1.745221
0.062000 2.253346 1.574543 0.677757 1.745103
0.063000 2.253052 1.574426 0.677894 1.744983
0.064000 2.252754 1.574307 0.678033 1.744861
0.065000 2.252452 1.574187 0.678175 1.744736
0.066000 2.252145 1.574064 0.678320 1.744610
0.067000 2.251833 1.573940 0.678468 1.744481
0.068000 2.251517 1.573814 0.678618 1.744351
0.069000 2.251197 1.573686 0.678771 1.744218
0.070000 2.250872 1.573557 0.678927 1.744084
0.071000 2.250542 1.573425 0.679085 1.743947
0.072000 2.250209 1.573292 0.679246 1.743808
0.073000 2.249870 1.573158 0.679411 1.743667
0.074000 2.249527 1.573021 0.679578 1.743524
0.075000 2.249180 1.572883 0.679747 1.743379
0.076000 2.248828 1.572743 0.679920 1.743231
0.077000 2.248472 1.572601 0.680096 1.743082
0.078000 2.248111 1.572457 0.680274 1.742930
0.079000 2.247746 1.572312 0.680456 1.742776
0.080000 2.247377 1.572165 0.680640 1.742620
0.081000 2.247003 1.572016 0.680828 1.742462
0.082000 2.246625 1.571865 0.681018 1.742302
0.083000 2.246242 1.571713 0.681212 1.742140
0.084000 2.245855 1.571559 0.681408 1.741975
0.085000 2.245463 1.571403 0.681608 1.741808
0.086000 2.245068 1.571245 0.681810 1.741639
0.087000 2.244667 1.571086 0.682016 1.741468
0.088000 2.244263 1.570925 0.682225 1.741295
0.089000 2.243854 1.570762 0.682437 1.741119
0.090000 2.243440 1.570598 0.682652 1.740941
0.091000 2.243022 1.570432 0.682870 1.740761
0.092000 2.242600 1.570264 0.683092 1.740579
0.093000 2.242174 1.570094 0.683317 1.740394
0.094000 2.241743 1.569922 0.683545 1.740207
0.095000 2.241307 1.569749 0.683776 1.740018
0.096000 2.240868 1.569574 0.684011 1.739827
0.097000 2.240424 1.569398 0.684249 1.739633
0.098000 2.239976 1.569219 0.684490 1.739437
0.099000 2.239523 1.569039 0.684734 1.739239
0.100000 2.239066 1.568857 0.684982 1.739039
0.101000 2.238605 1.568674 0.685234 1.738836
0.102000 2.238139 1.568488 0.685488 1.738631
0.103000 2.237669 1.568301 0.685746 1.738423
0.104000 2.237195 1.568113 0.686008 1.738213
0.105000 2.236716 1.567922 0.686273 1.738001
0.106000 2.236233 1.567730 0.686541 1.737787
0.107000 2.235746 1.567536 0.686813 1.737570
0.108000 2.235254 1.567340 0.687089 1.737351
0.109000 2.234758 1.567142 0.687368 1.737129
0.110000 2.234258 1.566943 0.687650 1.736905
0.111000 2.233753 1.566742 0.687937 1.736678
0.112000 2.233244 1.566539 0.688226 1.736450
0.113000 2.232731 1.566335 0.688520 1.736218
0.114000 2.232213 1.566128 0.688816 1.735985
0.115000 2.231691 1.565920 0.689117 1.735749
0.116000 2.231165 1.565711 0.689421 1.735510
0.117000 2.230634 1.565499 0.689729 1.735269
0.118000 2.230099 1.565286 0.690041 1.735025
0.119000 2.229560 1.565071 0.690356 1.734780
0.120000 2.229016 1.564854 0.690675 1.734531
0.121000 2.228468 1.564635 0.690998 1.734280
0.122000 2.227916 1.564415 0.691324 1.734027
0.123000 2.227359 1.564192 0.691655 1.733771
0.124000 2.226798 1.563969 0.691989 1.733512
0.125000 2.226233 1.563743 0.692327 1.733251
0.126000 2.225663 1.563515 0.692668 1.732988
0.127000 2.225089 1.563286 0.693014 1.732722
0.128000 2.224511 1.563055 0.693363 1.732453
0.129000 2.223928 1.562822 0.693717 1.732182
0.130000 2.223341 1.562587 0.694074 1.731908
0.131000 2.222750 1.562350 0.694435 1.731632
0.132000 2.222154 1.562112 0.694800 1.731353
0.133000 2.221554 1.561872 0.695169 1.731071
0.134000 2.220949 1.561630 0.695542 1.730787
0.135000 2.220340 1.561386 0.695918 1.730500
0.136000 2.219727 1.561140 0.696299 1.730211
0.137000 2.219109 1.560892 0.696684 1.729919
0.138000 2.218487 1.560643 0.697073 1.729624
0.139000 2.217860 1.560392 0.697466 1.729327
0.140000 2.217229 1.560138 0.697862 1.729027
0.141000 2.216594 1.559883 0.698263 1.728724
0.142000 2.215954 1.559627 0.698668 1.728418
0.143000 2.215310 1.559368 0.699077 1.728110
0.144000 2.214661 1.559107 0.699490 1.727799
0.145000 2.214008 1.558845 0.699907 1.727486
0.146000 2.213351 1.558580 0.700329 1.727169
0.147000 2.212689 1.558314 0.700754 1.726850
0.148000 2.212022 1.558046 0.701184 1.726529
0.149000 2.211351 1.557776 0.701618 1.726204
0.150000 2.210676 1.557504 0.702055 1.725877
0.151000 2.209996 1.557230 0.702497 1.725547
0.152000 2.209311 1.556954 0.702944 1.725214
0.153000 2.208622 1.556676 0.703394 1.724878
0.154000 2.207929 1.556396 0.703849 1.724539
0.155000 2.207231 1.556115 0.704308 1.724198
0.156000 2.206528 1.555831 0.704771 1.723854
0.157000 2.205821 1.555546 0.705238 1.723507
0.158000 2.205109 1.555258 0.705710 1.723157
0.159000 2.204393 1.554969 0.706186 1.722804
0.160000 2.203672 1.554677 0.706666 1.722448
0.161000 2.202946 1.554384 0.707150 1.722090
0.162000 2.202216 1.554088 0.707639 1.721729
0.163000 2.201482 1.553791 0.708132 1.721364
0.164000 2.200742 1.553491 0.708630 1.720997
0.165000 2.199998 1.553190 0.709131 1.720627
0.166000 2.199250 1.552886 0.709637 1.720254
0.167000 2.198496 1.552581 0.710148 1.719878
0.168000 2.197738 1.552273 0.710663 1.719499
0.169000 2.196976 1.551963 0.711182 1.719117
0.170000 2.196208 1.551652 0.711705 1.718732
0.171000 2.195436 1.551338 0.712233 1.718344
0.172000 2.194660 1.551022 0.712766 1.717953
0.173000 2.193878 1.550705 0.713302 1.717560
0.174000 2.193092 1.550385 0.713844 1.717163
0.175000 2.192301 1.550063 0.714389 1.716763
0.176000 2.191505 1.549739 0.714939 1.716360
0.177000 2.190704 1.549413 0.715494 1.715954
0.178000 2.189899 1.549085 0.716053 1.715545
0.179000 2.189089 1.548754 0.716616 1.715133
0.180000 2.188274 1.548422 0.717184 1.714718
0.181000 2.187454 1.548087 0.717756 1.714300
0.182000 2.186629 1.547751 0.718333 1.713879
0.183000 2.185799 1.547412 0.718915 1.713454
0.184000 2.184965 1.547071 0.719501 1.713027
0.185000 2.184125 1.546728 0.720091 1.712596
0.186000 2.183281 1.546383 0.720686 1.712163
0.187000 2.182432 1.546036 0.721286 1.711726
0.188000 2.181577 1.545686 0.721890 1.711286
0.189000 2.180718 1.545335 0.722498 1.710843
0.190000 2.179854 1.544981 0.723112 1.710397
0.191000 2.178985 1.544625 0.723729 1.709948
0.192000 2.178111 1.544267 0.724352 1.709495
0.193000 2.177231 1.543906 0.724979 1.709040
0.194000 2.176347 1.543544 0.725610 1.708581
0.195000 2.175458 1.543179 0.726246 1.708119
0.196000 2.174564 1.542812 0.726887 1.707654
0.197000 2.173664 1.542443 0.727533 1.707186
0.198000 2.172760 1.542072 0.728183 1.706714
0.199000 2.171850 1.541699 0.728837 1.706239
0.200000 2.170935 1.541323 0.729497 1.705761
0.201000 2.170015 1.540945 0.730161 1.705280
0.202000 2.169090 1.540565 0.730829 1.704795
0.203000 2.168160 1.540183 0.731503 1.704308
0.204000 2.167224 1.539798 0.732181 1.703817
0.205000 2.166283 1.539411 0.732863 1.703323
0.206000 2.165337 1.539023 0.733551 1.702825
0.207000 2.164386 1.538631 0.734243 1.702325
0.208000 2.163430 1.538238 0.734940 1.701821
0.209000 2.162468 1.537842 0.735642 1.701313
0.210000 2.161501 1.537444 0.736348 1.700803
0.211000 2.160529 1.537044 0.737059 1.700289
0.212000 2.159551 1.536642 0.737775 1.699772
0.213000 2.158568 1.536237 0.738496 1.699252
0.214000 2.157580 1.535830 0.739221 1.698728
0.215000 2.156586 1.535421 0.739951 1.698201
0.216000 2.155587 1.535010 0.740686 1.697671
0.217000 2.154583 1.534596 0.741426 1.697137
0.218000 2.153573 1.534181 0.742170 1.696600
0.219000 2.152558 1.533763 0.742920 1.696060
0.220000 2.151537 1.533342 0.743674 1.695516
0.221000 2.150511 1.532920 0.744433 1.694969
0.222000 2.149479 1.532495 0.745197 1.694419
0.223000 2.148442 1.532068 0.745966 1.693866
0.224000 2.147400 1.531639 0.746740 1.693309
0.225000 2.146351 1.531207 0.747518 1.692749
0.226000 2.145298 1.530774 0.748302 1.692185
0.227000 2.144239 1.530338 0.749090 1.691618
0.228000 2.143174 1.529900 0.749883 1.691048
0.229000 2.142103 1.529459 0.750681 1.690474
0.230000 2.141028 1.529017 0.751484 1.689897
0.231000 2.139946 1.528572 0.752292 1.689317
0.232000 2.138859 1.528125 0.753105 1.688734
0.233000 2.137766 1.527676 0.753923 1.688147
0.234000 2.136668 1.527224 0.754746 1.687556
0.235000 2.135564 1.526771 0.755574 1.686963
0.236000 2.134454 1.526315 0.756407 1.686366
0.237000 2.133339 1.525857 0.757245 1.685765
0.238000 2.132218 1.525397 0.758088 1.685162
0.239000 2.131091 1.524934 0.758936 1.684555
0.240000 2.129958 1.524470 0.759789 1.683944
0.241000 2.128820 1.524003 0.760647 1.683331
0.242000 2.127676 1.523535 0.761510 1.682714
0.243000 2.126527 1.523064 0.762378 1.682093
0.244000 2.125371 1.522591 0.763251 1.681470
0.245000 2.124210 1.522115 0.764129 1.680843
0.246000 2.123043 1.521638 0.765013 1.680212
0.247000 2.121870 1.521159 0.765901 1.679579
0.248000 2.120692 1.520677 0.766795 1.678942
0.249000 2.119507 1.520194 0.767694 1.678301
0.250000 2.118317 1.519708 0.768598 1.677658
0.251000 2.117121 1.519220 0.769507 1.677011
0.252000 2.115919 1.518730 0.770421 1.676361
0.253000 2.114711 1.518239 0.771340 1.675707
0.254000 2.113498 1.517745 0.772265 1.675050
0.255000 2.112278 1.517249 0.773195 1.674390
0.256000 2.111053 1.516751 0.774130 1.673727
0.257000 2.109822 1.516251 0.775070 1.673060
0.258000 2.108585 1.515749 0.776016 1.672390
0.259000 2.107342 1.515245 0.776967 1.671717
0.260000 2.106093 1.514740 0.777923 1.671041
0.261000 2.104838 1.514232 0.778884 1.670361
0.262000 2.103578 1.513722 0.779851 1.669678
0.263000 2.102311 1.513211 0.780823 1.668992
0.264000 2.101039 1.512697 0.781801 1.668303
0.265000 2.099760 1.512182 0.782783 1.667610
0.266000 2.098476 1.511665 0.783771 1.666914
0.267000 2.097185 1.511146 0.784765 1.666216
0.268000 2.095889 1.510625 0.785764 1.665513
0.269000 2.094587 1.510103 0.786768 1.664808
0.270000 2.093279 1.509578 0.787778 1.664100
0.271000 2.091965 1.509052 0.788793 1.663388
0.272000 2.090644 1.508524 0.789813 1.662673
0.273000 2.089318 1.507995 0.790839 1.661955
0.274000 2.087986 1.507463 0.791870 1.661234
0.275000 2.086648 1.506930 0.792907 1.660510
0.276000 2.085304 1.506396 0.793950 1.659783
0.277000 2.083954 1.505859 0.794998 1.659053
0.278000 2.082599 1.505321 0.796051 1.658320
0.279000 2.081237 1.504782 0.797110 1.657583
0.280000 2.079869 1.504241 0.798175 1.656844
0.281000 2.078495 1.503698 0.799245 1.656101
0.282000 2.077115 1.503154 0.800320 1.655356
0.283000 2.075729 1.502608 0.801402 1.654608
0.284000 2.074338 1.502061 0.802488 1.653856
0.285000 2.072940 1.501512 0.803581 1.653102
0.286000 2.071536 1.500962 0.804679 1.652344
0.287000 2.070127 1.500410 0.805783 1.651584
0.288000 2.068711 1.499857 0.806892 1.650821
0.289000 2.067289 1.499303 0.808007 1.650055
0.290000 2.065862 1.498747 0.809128 1.649286
0.291000 2.064428 1.498190 0.810255 1.648514
0.292000 2.062989 1.497632 0.811387 1.647740
0.293000 2.061544 1.497072 0.812525 1.646962
0.294000 2.060092 1.496512 0.813668 1.646182
0.295000 2.058635 1.495950 0.814818 1.645399
0.296000 2.057172 1.495386 0.815973 1.644613
0.297000 2.055703 1.494822 0.817134 1.643825
0.298000 2.054227 1.494257 0.818301 1.643033
0.299000 2.052746 1.493690 0.819473 1.642239
0.300000 2.051260 1.493122 0.820652 1.641443
0.301000 2.049769 1.492554 0.821834 1.640644
0.302000 2.048276 1.491986 0.823019 1.639845
0.303000 2.046781 1.491418 0.824207 1.639045
0.304000 2.045284 1.490850 0.825397 1.638244
0.305000 2.043785 1.490282 0.826590 1.637442
0.306000 2.042285 1.489713 0.827785 1.636639
0.307000 2.040782 1.489145 0.828983 1.635835
0.308000 2.039277 1.488577 0.830184 1.635031
0.309000 2.037770 1.488010 0.831387 1.634225
0.310000 2.036261 1.487442 0.832593 1.633419
0.311000 2.034750 1.486875 0.833801 1.632612
0.312000 2.033238 1.486307 0.835012 1.631805
0.313000 2.031723 1.485740 0.836226 1.630996
0.314000 2.030206 1.485173 0.837443 1.630187
0.315000 2.028688 1.484607 0.838662 1.629377
0.316000 2.027168 1.484041 0.839884 1.628567
0.317000 2.025645 1.483475 0.841108 1.627756
0.318000 2.024121 1.482909 0.842336 1.626944
0.319000 2.022595 1.482344 0.843566 1.626131
0.320000 2.021068 1.481780 0.844799 1.625318
0.321000 2.019538 1.481216 0.846034 1.624505
0.322000 2.018007 1.480652 0.847272 1.623691
0.323000 2.016474 1.480089 0.848514 1.622876
0.324000 2.014939 1.479526 0.849757 1.622062
0.325000 2.013403 1.478965 0.851004 1.621246
0.326000 2.011865 1.478403 0.852254 1.620430
0.327000 2.010325 1.477843 0.853506 1.619614
0.328000 2.008783 1.477283 0.854761 1.618797
0.329000 2.007240 1.476724 0.856019 1.617980
0.330000 2.005696 1.476165 0.857280 1.617163
0.331000 2.004150 1.475608 0.858543 1.616346
0.332000 2.002602 1.475051 0.859810 1.615528
0.333000 2.001053 1.474495 0.861079 1.614710
0.334000 1.999502 1.473940 0.862352 1.613892
0.335000 1.997950 1.473386 0.863627 1.613073
0.336000 1.996396 1.472833 0.864905 1.612255
0.337000 1.994841 1.472280 0.866186 1.611436
0.338000 1.993285 1.471729 0.867470 1.610617
0.339000 1.991727 1.471179 0.868756 1.609798
0.340000 1.990168 1.470630 0.870046 1.608980
0.341000 1.988608 1.470083 0.871339 1.608161
0.342000 1.987046 1.469536 0.872634 1.607342
0.343000 1.985484 1.468991 0.873932 1.606523
0.344000 1.983920 1.468447 0.875234 1.605705
0.345000 1.982355 1.467904 0.876538 1.604886
0.346000 1.980788 1.467362 0.877845 1.604068
0.347000 1.979221 1.466822 0.879155 1.603250
0.348000 1.977653 1.466283 0.880468 1.602432
0.349000 1.976083 1.465746 0.881784 1.601615
0.350000 1.974513 1.465210 0.883103 1.600797
0.351000 1.972942 1.464676 0.884425 1.599980
0.352000 1.971369 1.464143 0.885750 1.599164
0.353000 1.969796 1.463612 0.887078 1.598348
0.354000 1.968222 1.463082 0.888408 1.597532
0.355000 1.966647 1.462554 0.889742 1.596716
0.356000 1.965072 1.462027 0.891078 1.595902
0.357000 1.963495 1.461502 0.892418 1.595087
0.358000 1.961918 1.460979 0.893760 1.594274
0.359000 1.960341 1.460458 0.895105 1.593460
0.360000 1.958762 1.459938 0.896453 1.592648
0.361000 1.957183 1.459421 0.897804 1.591836
0.362000 1.955603 1.458905 0.899158 1.591025
0.363000 1.954023 1.458391 0.900515 1.590214
0.364000 1.952442 1.457879 0.901874 1.589404
0.365000 1.950861 1.457369 0.903237 1.588595
0.366000 1.949279 1.456860 0.904602 1.587787
0.367000 1.947697 1.456354 0.905970 1.586980
0.368000 1.946115 1.455850 0.907341 1.586173
0.369000 1.944532 1.455348 0.908715 1.585368
0.370000 1.942949 1.454848 0.910091 1.584563
0.371000 1.941365 1.454350 0.911470 1.583759
0.372000 1.939781 1.453854 0.912852 1.582957
0.373000 1.938198 1.453361 0.914237 1.582155
0.374000 1.936613 1.452870 0.915624 1.581355
0.375000 1.935029 1.452380 0.917015 1.580555
0.376000 1.933445 1.451893 0.918407 1.579757
0.377000 1.931860 1.451409 0.919803 1.578960
0.378000 1.930276 1.450927 0.921201 1.578164
0.379000 1.928691 1.450447 0.922602 1.577369
0.380000 1.927107 1.449969 0.924005 1.576575
0.381000 1.925522 1.449494 0.925411 1.575783
0.382000 1.923938 1.449021 0.926819 1.574992
0.383000 1.922354 1.448550 0.928230 1.574203
0.384000 1.920769 1.448082 0.929643 1.573414
0.385000 1.919185 1.447617 0.931059 1.572628
0.386000 1.917602 1.447154 0.932477 1.571842
0.387000 1.916018 1.446693 0.933898 1.571058
0.388000 1.914435 1.446235 0.935321 1.570276
0.389000 1.912852 1.445779 0.936746 1.569495
0.390000 1.911269 1.445326 0.938174 1.568715
0.391000 1.909687 1.444876 0.939604 1.567938
0.392000 1.908105 1.444428 0.941036 1.567161
0.393000 1.906523 1.443983 0.942470 1.566387
0.394000 1.904942 1.443540 0.943906 1.565614
0.395000 1.903362 1.443100 0.945345 1.564842
0.396000 1.901781 1.442663 0.946786 1.564073
0.397000 1.900202 1.442229 0.948228 1.563305
0.398000 1.898623 1.441797 0.949673 1.562539
0.399000 1.897044 1.441367 0.951120 1.561774
0.400000 1.895466 1.440941 0.952568 1.561012
0.401000 1.893889 1.440517 0.954019 1.560251
0.402000 1.892312 1.440096 0.955471 1.559492
0.403000 1.890736 1.439678 0.956925 1.558735
0.404000 1.889161 1.439262 0.958381 1.557980
0.405000 1.887586 1.438849 0.959838 1.557227
0.406000 1.886013 1.438439 0.961298 1.556475
0.407000 1.884439 1.438032 0.962758 1.555726
0.408000 1.882867 1.437627 0.964221 1.554979
0.409000 1.881296 1.437225 0.965684 1.554233
0.410000 1.879725 1.436826 0.967150 1.553490
0.411000 1.878155 1.436430 0.968616 1.552748
0.412000 1.876586 1.436037 0.970084 1.552009
0.413000 1.875018 1.435646 0.971554 1.551272
0.414000 1.873451 1.435258 0.973024 1.550537
0.415000 1.871885 1.434873 0.974496 1.549804
0.416000 1.870319 1.434491 0.975969 1.549073
0.417000 1.868755 1.434111 0.977443 1.548344
0.418000 1.867192 1.433735 0.978918 1.547618
0.419000 1.865629 1.433361 0.980394 1.546894
0.420000 1.864068 1.432990 0.981871 1.546171
0.421000 1.862508 1.432622 0.983349 1.545452
0.422000 1.860949 1.432256 0.984827 1.544734
0.423000 1.859390 1.431894 0.986306 1.544018
0.424000 1.857833 1.431534 0.987786 1.543305
0.425000 1.856277 1.431177 0.989267 1.542594
0.426000 1.854722 1.430822 0.990748 1.541886
0.427000 1.853168 1.430471 0.992229 1.541180
0.428000 1.851616 1.430122 0.993711 1.540476
0.429000 1.850064 1.429776 0.995194 1.539774
0.430000 1.848514 1.429433 0.996676 1.539075
0.431000 1.846965 1.429092 0.998159 1.538378
0.432000 1.845417 1.428754 0.999642 1.537683
0.433000 1.843870 1.428419 1.001125 1.536991
0.434000 1.842324 1.428086 1.002609 1.536301
0.435000 1.840780 1.427757 1.004092 1.535614
0.436000 1.839236 1.427430 1.005575 1.534929
0.437000 1.837694 1.427105 1.007058 1.534246
0.438000 1.836154 1.426784 1.008540 1.533566
0.439000 1.834614 1.426464 1.010023 1.532888
0.440000 1.833076 1.426148 1.011505 1.532213
0.441000 1.831539 1.425834 1.012986 1.531540
0.442000 1.830003 1.425523 1.014467 1.530869
0.443000 1.828468 1.425214 1.015948 1.530201
0.444000 1.826935 1.424908 1.017428 1.529536
0.445000 1.825403 1.424604 1.018907 1.528872
0.446000 1.823873 1.424303 1.020385 1.528212
0.447000 1.822343 1.424005 1.021863 1.527554
0.448000 1.820815 1.423709 1.023339 1.526898
0.449000 1.819289 1.423415 1.024815 1.526245
0.450000 1.817763 1.423124 1.026290 1.525594
0.451000 1.816239 1.422835 1.027763 1.524946
0.452000 1.814716 1.422549 1.029236 1.524300
0.453000 1.813195 1.422265 1.030707 1.523656
0.454000 1.811675 1.421984 1.032177 1.523016
0.455000 1.810156 1.421705 1.033645 1.522377
0.456000 1.808638 1.421428 1.035112 1.521741
0.457000 1.807122 1.421154 1.036578 1.521108
0.458000 1.805607 1.420882 1.038042 1.520477
0.459000 1.804094 1.420612 1.039504 1.519849
0.460000 1.802582 1.420344 1.040965 1.519223
0.461000 1.801071 1.420079 1.042424 1.518599
0.462000 1.799561 1.419816 1.043881 1.517978
0.463000 1.798053 1.419555 1.045337 1.517360
0.464000 1.796547 1.419296 1.046790 1.516743
0.465000 1.795041 1.419039 1.048241 1.516130
0.466000 1.793537 1.418785 1.049690 1.515519
0.467000 1.792034 1.418533 1.051138 1.514910
0.468000 1.790533 1.418282 1.052583 1.514304
0.469000 1.789033 1.418034 1.054025 1.513700
0.470000 1.787534 1.417788 1.055466 1.513099
0.471000 1.786037 1.417544 1.056904 1.512500
0.472000 1.784541 1.417302 1.058340 1.511903
0.473000 1.783046 1.417061 1.059773 1.511309
0.474000 1.781553 1.416823 1.061204 1.510717
0.475000 1.780061 1.416587 1.062632 1.510128
0.476000 1.778570 1.416353 1.064058 1.509541
0.477000 1.777081 1.416120 1.065481 1.508957
0.478000 1.775593 1.415889 1.066901 1.508375
0.479000 1.774107 1.415661 1.068318 1.507795
0.480000 1.772622 1.415434 1.069733 1.507218
0.481000 1.771138 1.415209 1.071145 1.506643
0.482000 1.769655 1.414985 1.072554 1.506070
0.483000 1.768174 1.414764 1.073960 1.505500
0.484000 1.766695 1.414544 1.075363 1.504932
0.485000 1.765216 1.414326 1.076764 1.504366
0.486000 1.763739 1.414109 1.078161 1.503803
0.487000 1.762264 1.413895 1.079555 1.503242
0.488000 1.760789 1.413681 1.080946 1.502683
0.489000 1.759317 1.413470 1.082334 1.502127
0.490000 1.757845 1.413260 1.083719 1.501573
0.491000 1.756375 1.413052 1.085100 1.501021
0.492000 1.754906 1.412846 1.086478 1.500472
0.493000 1.753439 1.412641 1.087854 1.499924
0.494000 1.751973 1.412437 1.089225 1.499379
0.495000 1.750508 1.412235 1.090594 1.498836
0.496000 1.749045 1.412035 1.091959 1.498295
0.497000 1.747583 1.411836 1.093321 1.497757
0.498000 1.746123 1.411639 1.094680 1.497221
0.499000 1.744664 1.411443 1.096035 1.496687
0.500000 1.743206 1.411249 1.097387 1.496155
0.501000 1.741750 1.411056 1.098736 1.495625
0.502000 1.740295 1.410865 1.100081 1.495097
0.503000 1.738842 1.410675 1.101423 1.494572
0.504000 1.737390 1.410487 1.102761 1.494048
0.505000 1.735940 1.410300 1.104096 1.493527
0.506000 1.734491 1.410114 1.105428 1.493008
0.507000 1.733043 1.409930 1.106756 1.492491
0.508000 1.731597 1.409747 1.108081 1.491976
0.509000 1.730152 1.409566 1.109402 1.491463
0.510000 1.728709 1.409386 1.110720 1.490952
0.511000 1.727267 1.409208 1.112035 1.490443
0.512000 1.725827 1.409030 1.113346 1.489936
0.513000 1.724388 1.408854 1.114654 1.489432
0.514000 1.722951 1.408680 1.115959 1.488929
0.515000 1.721515 1.408507 1.117260 1.488428
0.516000 1.720081 1.408335 1.118558 1.487929
0.517000 1.718648 1.408165 1.119852 1.487432
0.518000 1.717216 1.407996 1.121143 1.486938
0.519000 1.715787 1.407828 1.122432 1.486445
0.520000 1.714358 1.407662 1.123716 1.485954
0.521000 1.712932 1.407497 1.124998 1.485465
0.522000 1.711506 1.407333 1.126276 1.484978
0.523000 1.710083 1.407171 1.127551 1.484492
0.524000 1.708661 1.407010 1.128823 1.484009
0.525000 1.707240 1.406850 1.130092 1.483528
0.526000 1.705822 1.406692 1.131358 1.483048
0.527000 1.704404 1.406535 1.132621 1.482571
0.528000 1.702989 1.406380 1.133881 1.482095
0.529000 1.701575 1.406226 1.135137 1.481621
0.530000 1.700162 1.406073 1.136391 1.481149
0.531000 1.698751 1.405921 1.137642 1.480679
0.532000 1.697342 1.405771 1.138890 1.480210
0.533000 1.695935 1.405623 1.140135 1.479744
0.534000 1.694529 1.405475 1.141378 1.479279
0.535000 1.693125 1.405329 1.142617 1.478816
0.536000 1.691722 1.405185 1.143854 1.478355
0.537000 1.690322 1.405042 1.145089 1.477895
0.538000 1.688923 1.404900 1.146320 1.477437
0.539000 1.687525 1.404760 1.147549 1.476981
0.540000 1.686130 1.404621 1.148776 1.476527
0.541000 1.684736 1.404483 1.150000 1.476075
0.542000 1.683343 1.404347 1.151221 1.475624
0.543000 1.681953 1.404212 1.152441 1.475175
0.544000 1.680564 1.404079 1.153658 1.474728
0.545000 1.679177 1.403948 1.154872 1.474282
0.546000 1.677792 1.403817 1.156085 1.473839
0.547000 1.676409 1.403688 1.157295 1.473396
0.548000 1.675027 1.403561 1.158503 1.472956
0.549000 1.673648 1.403435 1.159709 1.472517
0.550000 1.672270 1.403311 1.160913 1.472080
0.551000 1.670893 1.403188 1.162115 1.471645
0.552000 1.669519 1.403067 1.163315 1.471211
0.553000 1.668147 1.402947 1.164514 1.470779
0.554000 1.666776 1.402829 1.165710 1.470348
0.555000 1.665407 1.402712 1.166905 1.469920
0.556000 1.664040 1.402597 1.168098 1.469492
0.557000 1.662675 1.402484 1.169290 1.469067
0.558000 1.661312 1.402372 1.170480 1.468643
0.559000 1.659950 1.402262 1.171668 1.468221
0.560000 1.658591 1.402153 1.172855 1.467800
0.561000 1.657233 1.402046 1.174041 1.467381
0.562000 1.655877 1.401940 1.175225 1.466963
0.563000 1.654523 1.401836 1.176408 1.466547
0.564000 1.653171 1.401734 1.177590 1.466133
0.565000 1.651821 1.401634 1.178770 1.465720
0.566000 1.650473 1.401535 1.179950 1.465309
0.567000 1.649127 1.401437 1.181128 1.464900
0.568000 1.647782 1.401342 1.182306 1.464492
0.569000 1.646440 1.401248 1.183482 1.464085
0.570000 1.645099 1.401156 1.184658 1.463680
0.571000 1.643760 1.401065 1.185833 1.463277
0.572000 1.642424 1.400977 1.187007 1.462875
0.573000 1.641089 1.400890 1.188181 1.462475
0.574000 1.639756 1.400805 1.189353 1.462076
0.575000 1.638424 1.400721 1.190526 1.461679
0.576000 1.637095 1.400639 1.191697 1.461283
0.577000 1.635768 1.400559 1.192869 1.460889
0.578000 1.634442 1.400481 1.194040 1.460496
0.579000 1.633119 1.400405 1.195210 1.460105
0.580000 1.631797 1.400330 1.196380 1.459715
0.581000 1.630477 1.400257 1.197550 1.459327
0.582000 1.629159 1.400187 1.198720 1.458941
0.583000 1.627843 1.400117 1.199890 1.458555
0.584000 1.626529 1.400050 1.201059 1.458172
0.585000 1.625217 1.399985 1.202229 1.457790
0.586000 1.623906 1.399921 1.203398 1.457409
0.587000 1.622598 1.399859 1.204568 1.457030
0.588000 1.621291 1.399799 1.205738 1.456652
0.589000 1.619986 1.399741 1.206908 1.456276
0.590000 1.618683 1.399685 1.208078 1.455901
0.591000 1.617382 1.399631 1.209248 1.455527
0.592000 1.616082 1.399578 1.210419 1.455155
0.593000 1.614784 1.399528 1.211591 1.454785
0.594000 1.613488 1.399479 1.212762 1.454416
0.595000 1.612194 1.399432 1.213934 1.454048
0.596000 1.610902 1.399388 1.215107 1.453682
0.597000 1.609611 1.399345 1.216280 1.453317
0.598000 1.608322 1.399304 1.217454 1.452954
0.599000 1.607034 1.399265 1.218629 1.452592
0.600000 1.605749 1.399227 1.219804 1.452231
0.601000 1.604465 1.399192 1.220980 1.451872
0.602000 1.603183 1.399159 1.222157 1.451514
0.603000 1.601902 1.399128 1.223335 1.451158
0.604000 1.600623 1.399098 1.224513 1.450803
0.605000 1.599346 1.399071 1.225693 1.450449
0.606000 1.598070 1.399045 1.226873 1.450097
0.607000 1.596795 1.399022 1.228055 1.449746
0.608000 1.595523 1.399000 1.229237 1.449396
0.609000 1.594251 1.398980 1.230421 1.449048
0.610000 1.592982 1.398962 1.231606 1.448701
0.611000 1.591714 1.398947 1.232792 1.448356
0.612000 1.590447 1.398933 1.233979 1.448012
0.613000 1.589181 1.398921 1.235167 1.447669
0.614000 1.587918 1.398911 1.236357 1.447327
0.615000 1.586655 1.398903 1.237548 1.446987
0.616000 1.585394 1.398897 1.238740 1.446648
0.617000 1.584134 1.398893 1.239934 1.446311
0.618000 1.582875 1.398891 1.241129 1.445974
0.619000 1.581618 1.398891 1.242326 1.445639
0.620000 1.580362 1.398892 1.243524 1.445306
0.621000 1.579107 1.398896 1.244723 1.444973
0.622000 1.577854 1.398902 1.245925 1.444642
0.623000 1.576601 1.398909 1.247127 1.444312
0.624000 1.575350 1.398919 1.248332 1.443983
0.625000 1.574100 1.398930 1.249537 1.443656
0.626000 1.572851 1.398944 1.250745 1.443330
0.627000 1.571603 1.398959 1.251954 1.443005
0.628000 1.570356 1.398976 1.253165 1.442681
0.629000 1.569109 1.398996 1.254378 1.442358
0.630000 1.567864 1.399017 1.255592 1.442037
0.631000 1.566620 1.399040 1.256809 1.441717
0.632000 1.565377 1.399065 1.258027 1.441398
0.633000 1.564134 1.399092 1.259246 1.441080
0.634000 1.562892 1.399121 1.260468 1.440764
0.635000 1.561651 1.399151 1.261692 1.440448
0.636000 1.560411 1.399184 1.262917 1.440134
0.637000 1.559171 1.399219 1.264145 1.439821
0.638000 1.557932 1.399255 1.265374 1.439509
0.639000 1.556694 1.399293 1.266605 1.439198
0.640000 1.555456 1.399334 1.267838 1.438888
0.641000 1.554219 1.399376 1.269073 1.438579
0.642000 1.552982 1.399420 1.270310 1.438271
0.643000 1.551746 1.399466 1.271550 1.437965
0.644000 1.550510 1.399513 1.272791 1.437659
0.645000 1.549275 1.399563 1.274034 1.437355
0.646000 1.548040 1.399614 1.275279 1.437052
0.647000 1.546805 1.399667 1.276527 1.436749
0.648000 1.545570 1.399723 1.277776 1.436448
0.649000 1.544335 1.399779 1.279027 1.436148
0.650000 1.543101 1.399838 1.280281 1.435848
0.651000 1.541867 1.399899 1.281537 1.435550
0.652000 1.540633 1.399961 1.282795 1.435253
0.653000 1.539399 1.400025 1.284054 1.434957
0.654000 1.538165 1.400091 1.285316 1.434661
0.655000 1.536930 1.400159 1.286581 1.434367
0.656000 1.535696 1.400229 1.287847 1.434073
0.657000 1.534461 1.400300 1.289116 1.433781
0.658000 1.533227 1.400373 1.290386 1.433489
0.659000 1.531992 1.400448 1.291659 1.433199
0.660000 1.530756 1.400525 1.292934 1.432909
0.661000 1.529521 1.400603 1.294211 1.432620
0.662000 1.528285 1.400683 1.295491 1.432332
0.663000 1.527048 1.400765 1.296772 1.432045
0.664000 1.525811 1.400849 1.298056 1.431758
0.665000 1.524574 1.400934 1.299342 1.431473
0.666000 1.523336 1.401021 1.300630 1.431188
0.667000 1.522097 1.401110 1.301920 1.430904
0.668000 1.520857 1.401200 1.303213 1.430621
0.669000 1.519617 1.401292 1.304508 1.430339
0.670000 1.518376 1.401386 1.305805 1.430058
0.671000 1.517135 1.401481 1.307104 1.429777
0.672000 1.515892 1.401579 1.308405 1.429497
0.673000 1.514648 1.401677 1.309709 1.429218
0.674000 1.513404 1.401778 1.311015 1.428939
0.675000 1.512158 1.401880 1.312323 1.428661
0.676000 1.510911 1.401984 1.313633 1.428384
0.677000 1.509663 1.402089 1.314945 1.428108
0.678000 1.508414 1.402196 1.316260 1.427832
0.679000 1.507164 1.402305 1.317576 1.427558
0.680000 1.505913 1.402415 1.318895 1.427283
0.681000 1.504660 1.402527 1.320216 1.427010
0.682000 1.503406 1.402641 1.321540 1.426737
0.683000 1.502150 1.402756 1.322865 1.426464
0.684000 1.500893 1.402872 1.324193 1.426192
0.685000 1.499634 1.402991 1.325522 1.425921
0.686000 1.498374 1.403110 1.326854 1.425651
0.687000 1.497112 1.403232 1.328188 1.425381
0.688000 1.495849 1.403355 1.329525 1.425112
0.689000 1.494584 1.403479 1.330863 1.424843
0.690000 1.493317 1.403605 1.332203 1.424575
0.691000 1.492048 1.403733 1.333546 1.424307
0.692000 1.490778 1.403862 1.334891 1.424040
0.693000 1.489505 1.403993 1.336238 1.423773
0.694000 1.488231 1.404125 1.337587 1.423507
0.695000 1.486954 1.404259 1.338938 1.423242
0.696000 1.485676 1.404395 1.340291 1.422977
0.697000 1.484396 1.404532 1.341646 1.422712
0.698000 1.483113 1.404670 1.343004 1.422448
0.699000 1.481828 1.404810 1.344363 1.422185
0.700000 1.480541 1.404951 1.345725 1.421922
0.701000 1.479252 1.405094 1.347088 1.421659
0.702000 1.477961 1.405239 1.348454 1.421397
0.703000 1.476667 1.405385 1.349822 1.421135
0.704000 1.475371 1.405532 1.351192 1.420874
0.705000 1.474073 1.405681 1.352563 1.420614
0.706000 1.472772 1.405832 1.353937 1.420353
0.707000 1.471469 1.405984 1.355313 1.420094
0.708000 1.470163 1.406138 1.356691 1.419834
0.709000 1.468855 1.406293 1.358071 1.419575
0.710000 1.467544 1.406449 1.359453 1.419317
0.711000 1.466230 1.406607 1.360837 1.419059
0.712000 1.464914 1.406767 1.362222 1.418801
0.713000 1.463595 1.406928 1.363610 1.418544
0.714000 1.462274 1.407090 1.365000 1.418287
0.715000 1.460950 1.407255 1.366392 1.418031
0.716000 1.459623 1.407420 1.367785 1.417775
0.717000 1.458293 1.407587 1.369181 1.417520
0.718000 1.456961 1.407756 1.370579 1.417265
0.719000 1.455625 1.407926 1.371978 1.417010
0.720000 1.454287 1.408098 1.373380 1.416756
0.721000 1.452946 1.408271 1.374783 1.416502
0.722000 1.451602 1.408446 1.376188 1.416249
0.723000 1.450255 1.408622 1.377596 1.415996
0.724000 1.448906 1.408800 1.379005 1.415744
0.725000 1.447553 1.408979 1.380416 1.415492
0.726000 1.446197 1.409160 1.381829 1.415241
0.727000 1.444838 1.409342 1.383243 1.414990
0.728000 1.443477 1.409526 1.384660 1.414739
0.729000 1.442112 1.409712 1.386079 1.414489
0.730000 1.440744 1.409899 1.387499 1.414240
0.731000 1.439374 1.410087 1.388921 1.413991
0.732000 1.438000 1.410278 1.390346 1.413742
0.733000 1.436623 1.410470 1.391772 1.413494
0.734000 1.435243 1.410663 1.393199 1.413247
0.735000 1.433860 1.410858 1.394629 1.413000
0.736000 1.432474 1.411055 1.396061 1.412753
0.737000 1.431085 1.411253 1.397494 1.412507
0.738000 1.429692 1.411453 1.398929 1.412262
0.739000 1.428297 1.411654 1.400366 1.412018
0.740000 1.426899 1.411857 1.401805 1.411773
0.741000 1.425497 1.412062 1.403246 1.411530
0.742000 1.424093 1.412268 1.404688 1.411287
0.743000 1.422685 1.412477 1.406133 1.411045
0.744000 1.421274 1.412686 1.407579 1.410803
0.745000 1.419861 1.412898 1.409027 1.410563
0.746000 1.418444 1.413111 1.410477 1.410322
0.747000 1.417024 1.413326 1.411928 1.410083
0.748000 1.415601 1.413543 1.413382 1.409844
0.749000 1.414175 1.413761 1.414837 1.409606
0.750000 1.412747 1.413981 1.416294 1.409369
0.751000 1.411315 1.414203 1.417753 1.409133
0.752000 1.409880 1.414426 1.419213 1.408897
0.753000 1.408442 1.414652 1.420676 1.408662
0.754000 1.407002 1.414879 1.422140 1.408428
0.755000 1.405558 1.415108 1.423606 1.408195
0.756000 1.404111 1.415339 1.425074 1.407963
0.757000 1.402662 1.415572 1.426543 1.407732
0.758000 1.401210 1.415806 1.428015 1.407501
0.759000 1.399755 1.416042 1.429488 1.407272
0.760000 1.398297 1.416281 1.430963 1.407044
0.761000 1.396837 1.416521 1.432440 1.406816
0.762000 1.395373 1.416763 1.433918 1.406590
0.763000 1.393907 1.417007 1.435399 1.406365
0.764000 1.392439 1.417253 1.436881 1.406141
0.765000 1.390967 1.417500 1.438365 1.405918
0.766000 1.389493 1.417750 1.439851 1.405696
0.767000 1.388017 1.418002 1.441338 1.405475
0.768000 1.386538 1.418255 1.442827 1.405255
0.769000 1.385056 1.418511 1.444318 1.405037
0.770000 1.383572 1.418769 1.445811 1.404820
0.771000 1.382086 1.419028 1.447306 1.404604
0.772000 1.380597 1.419290 1.448802 1.404390
0.773000 1.379106 1.419554 1.450301 1.404177
0.774000 1.377612 1.419820 1.451801 1.403965
0.775000 1.376116 1.420088 1.453303 1.403754
0.776000 1.374618 1.420358 1.454806 1.403546
0.777000 1.373118 1.420630 1.456312 1.403338
0.778000 1.371616 1.420904 1.457819 1.403132
0.779000 1.370111 1.421180 1.459328 1.402927
0.780000 1.368605 1.421459 1.460838 1.402725
0.781000 1.367096 1.421739 1.462351 1.402523
0.782000 1.365586 1.422022 1.463865 1.402323
0.783000 1.364073 1.422307 1.465381 1.402125
0.784000 1.362559 1.422594 1.466899 1.401929
0.785000 1.361043 1.422883 1.468419 1.401734
0.786000 1.359525 1.423175 1.469940 1.401541
0.787000 1.358006 1.423469 1.471463 1.401350
0.788000 1.356485 1.423765 1.472988 1.401160
0.789000 1.354962 1.424063 1.474515 1.400972
0.790000 1.353438 1.424363 1.476043 1.400786
0.791000 1.351912 1.424666 1.477573 1.400602
0.792000 1.350385 1.424971 1.479105 1.400420
0.793000 1.348856 1.425279 1.480639 1.400240
0.794000 1.347326 1.425588 1.482174 1.400062
0.795000 1.345795 1.425900 1.483711 1.399886
0.796000 1.344262 1.426215 1.485250 1.399712
0.797000 1.342728 1.426531 1.486790 1.399539
0.798000 1.341193 1.426850 1.488332 1.399369
0.799000 1.339657 1.427172 1.489876 1.399202
0.800000 1.338120 1.427495 1.491422 1.399036
0.801000 1.336582 1.427821 1.492969 1.398872
0.802000 1.335044 1.428150 1.494518 1.398711
0.803000 1.333504 1.428481 1.496069 1.398552
0.804000 1.331963 1.428814 1.497621 1.398395
0.805000 1.330422 1.429150 1.499175 1.398240
0.806000 1.328880 1.429488 1.500731 1.398088
0.807000 1.327337 1.429828 1.502288 1.397938
0.808000 1.325794 1.430171 1.503847 1.397790
0.809000 1.324250 1.430516 1.505408 1.397645
0.810000 1.322706 1.430864 1.506970 1.397502
0.811000 1.321161 1.431214 1.508533 1.397361
0.812000 1.319616 1.431566 1.510099 1.397223
0.813000 1.318071 1.431921 1.511666 1.397088
0.814000 1.316526 1.432279 1.513234 1.396955
0.815000 1.314980 1.432638 1.514804 1.396825
0.816000 1.313434 1.433001 1.516375 1.396697
0.817000 1.311888 1.433365 1.517948 1.396572
0.818000 1.310342 1.433733 1.519523 1.396449
0.819000 1.308795 1.434102 1.521099 1.396329
0.820000 1.307249 1.434474 1.522676 1.396211
0.821000 1.305704 1.434849 1.524255 1.396097
0.822000 1.304158 1.435226 1.525835 1.395985
0.823000 1.302612 1.435605 1.527417 1.395875
0.824000 1.301067 1.435987 1.529000 1.395769
0.825000 1.299522 1.436371 1.530584 1.395665
0.826000 1.297977 1.436758 1.532170 1.395564
0.827000 1.296433 1.437147 1.533757 1.395466
0.828000 1.294890 1.437538 1.535346 1.395370
0.829000 1.293346 1.437932 1.536936 1.395278
0.830000 1.291804 1.438329 1.538527 1.395188
0.831000 1.290262 1.438728 1.540119 1.395101
0.832000 1.288721 1.439129 1.541712 1.395017
0.833000 1.287180 1.439532 1.543307 1.394935
0.834000 1.285640 1.439938 1.544903 1.394857
0.835000 1.284101 1.440347 1.546500 1.394782
0.836000 1.282563 1.440757 1.548098 1.394709
0.837000 1.281026 1.441171 1.549697 1.394640
0.838000 1.279489 1.441586 1.551297 1.394573
0.839000 1.277954 1.442004 1.552899 1.394509
0.840000 1.276420 1.442424 1.554501 1.394449
0.841000 1.274886 1.442847 1.556105 1.394391
0.842000 1.273354 1.443271 1.557709 1.394336
0.843000 1.271823 1.443699 1.559314 1.394284
0.844000 1.270293 1.444128 1.560920 1.394236
0.845000 1.268765 1.444560 1.562527 1.394190
0.846000 1.267238 1.444994 1.564135 1.394147
0.847000 1.265712 1.445430 1.565744 1.394108
0.848000 1.264187 1.445868 1.567353 1.394071
0.849000 1.262664 1.446309 1.568963 1.394037
0.850000 1.261142 1.446752 1.570574 1.394007
0.851000 1.259622 1.447197 1.572186 1.393979
0.852000 1.258103 1.447644 1.573798 1.393955
0.853000 1.256585 1.448094 1.575411 1.393933
0.854000 1.255070 1.448545 1.577024 1.393915
0.855000 1.253555 1.448999 1.578638 1.393899
0.856000 1.252043 1.449455 1.580253 1.393887
0.857000 1.250532 1.449913 1.581868 1.393878
0.858000 1.249023 1.450373 1.583483 1.393871
0.859000 1.247516 1.450835 1.585099 1.393868
0.860000 1.246010 1.451299 1.586715 1.393868
0.861000 1.244506 1.451765 1.588332 1.393871
0.862000 1.243004 1.452233 1.589948 1.393877
0.863000 1.241504 1.452703 1.591565 1.393886
0.864000 1.240005 1.453175 1.593182 1.393898
0.865000 1.238509 1.453649 1.594800 1.393913
0.866000 1.237014 1.454125 1.596417 1.393931
0.867000 1.235522 1.454602 1.598035 1.393952
0.868000 1.234031 1.455082 1.599653 1.393976
0.869000 1.232542 1.455563 1.601270 1.394003
0.870000 1.231056 1.456046 1.602888 1.394033
0.871000 1.229571 1.456531 1.604506 1.394066
0.872000 1.228089 1.457018 1.606123 1.394102
0.873000 1.226608 1.457507 1.607740 1.394141
0.874000 1.225130 1.457997 1.609357 1.394183
0.875000 1.223654 1.458489 1.610974 1.394228
0.876000 1.222180 1.458982 1.612591 1.394275
0.877000 1.220708 1.459477 1.614207 1.394326
0.878000 1.219238 1.459974 1.615823 1.394380
0.879000 1.217770 1.460472 1.617438 1.394436
0.880000 1.216305 1.460972 1.619053 1.394495
0.881000 1.214842 1.461473 1.620668 1.394558
0.882000 1.213381 1.461976 1.622282 1.394623
0.883000 1.211922 1.462480 1.623895 1.394690
0.884000 1.210466 1.462986 1.625508 1.394761
0.885000 1.209012 1.463493 1.627120 1.394835
0.886000 1.207560 1.464002 1.628732 1.394911
0.887000 1.206110 1.464511 1.630342 1.394990
0.888000 1.204663 1.465023 1.631952 1.395072
0.889000 1.203218 1.465535 1.633561 1.395156
0.890000 1.201775 1.466049 1.635169 1.395244
0.891000 1.200335 1.466564 1.636776 1.395333
0.892000 1.198897 1.467080 1.638383 1.395426
0.893000 1.197461 1.467597 1.639988 1.395521
0.894000 1.196028 1.468115 1.641592 1.395619
0.895000 1.194597 1.468635 1.643195 1.395720
0.896000 1.193169 1.469155 1.644797 1.395823
0.897000 1.191742 1.469677 1.646397 1.395929
0.898000 1.190319 1.470199 1.647997 1.396037
0.899000 1.188897 1.470723 1.649595 1.396148
0.900000 1.187478 1.471247 1.651192 1.396261
0.901000 1.186061 1.471773 1.652787 1.396377
0.902000 1.184647 1.472299 1.654382 1.396495
0.903000 1.183235 1.472826 1.655974 1.396615
0.904000 1.181826 1.473354 1.657565 1.396739
0.905000 1.180419 1.473883 1.659155 1.396864
0.906000 1.179014 1.474412 1.660743 1.396992
0.907000 1.177612 1.474943 1.662329 1.397122
0.908000 1.176212 1.475473 1.663914 1.397255
0.909000 1.174814 1.476005 1.665497 1.397389
0.910000 1.173419 1.476537 1.667079 1.397527
0.911000 1.172026 1.477070 1.668658 1.397666
0.912000 1.170636 1.477603 1.670236 1.397807
0.913000 1.169248 1.478137 1.671812 1.397951
0.914000 1.167863 1.478672 1.673386 1.398097
0.915000 1.166479 1.479206 1.674958 1.398245
0.916000 1.165099 1.479742 1.676529 1.398395
0.917000 1.163720 1.480277 1.678097 1.398548
0.918000 1.162344 1.480814 1.679663 1.398702
0.919000 1.160971 1.481350 1.681227 1.398859
0.920000 1.159599 1.481887 1.682789 1.399017
0.921000 1.158230 1.482424 1.684349 1.399178
0.922000 1.156864 1.482961 1.685907 1.399340
0.923000 1.155500 1.483499 1.687463 1.399504
0.924000 1.154138 1.484037 1.689016 1.399671
0.925000 1.152778 1.484575 1.690567 1.399839
0.926000 1.151421 1.485113 1.692116 1.400009
0.927000 1.150066 1.485651 1.693662 1.400181
0.928000 1.148714 1.486189 1.695207 1.400355
0.929000 1.147364 1.486728 1.696749 1.400530
0.930000 1.146016 1.487266 1.698288 1.400707
0.931000 1.144670 1.487805 1.699825 1.400886
0.932000 1.143327 1.488343 1.701360 1.401067
0.933000 1.141986 1.488882 1.702892 1.401250
0.934000 1.140647 1.489420 1.704421 1.401434
0.935000 1.139311 1.489959 1.705949 1.401619
0.936000 1.137977 1.490497 1.707473 1.401807
0.937000 1.136645 1.491035 1.708995 1.401996
0.938000 1.135316 1.491573 1.710515 1.402186
0.939000 1.133989 1.492111 1.712032 1.402378
0.940000 1.132664 1.492649 1.713546 1.402572
0.941000 1.131341 1.493186 1.715058 1.402767
0.942000 1.130021 1.493723 1.716567 1.402963
0.943000 1.128702 1.494260 1.718073 1.403161
0.944000 1.127386 1.494797 1.719577 1.403361
0.945000 1.126073 1.495333 1.721078 1.403562
0.946000 1.124761 1.495869 1.722576 1.403764
0.947000 1.123452 1.496405 1.724072 1.403967
0.948000 1.122145 1.496940 1.725565 1.404172
0.949000 1.120840 1.497475 1.727055 1.404379
0.950000 1.119537 1.498010 1.728542 1.404586
0.951000 1.118237 1.498544 1.730027 1.404795
0.952000 1.116939 1.499078 1.731509 1.405005
0.953000 1.115643 1.499612 1.732988 1.405216
0.954000 1.114349 1.500145 1.734465 1.405429
0.955000 1.113057 1.500677 1.735938 1.405643
0.956000 1.111768 1.501209 1.737409 1.405857
0.957000 1.110480 1.501741 1.738877 1.406073
0.958000 1.109195 1.502272 1.740343 1.406291
0.959000 1.107912 1.502802 1.741806 1.406509
0.960000 1.106631 1.503332 1.743266 1.406728
0.961000 1.105353 1.503862 1.744723 1.406949
0.962000 1.104076 1.504391 1.746177 1.407170
0.963000 1.102802 1.504919 1.747629 1.407393
0.964000 1.101529 1.505447 1.749078 1.407617
0.965000 1.100259 1.505975 1.750524 1.407842
0.966000 1.098991 1.506501 1.751968 1.408067
0.967000 1.097726 1.507028 1.753409 1.408294
0.968000 1.096462 1.507553 1.754847 1.408522
0.969000 1.095201 1.508078 1.756282 1.408750
0.970000 1.093941 1.508603 1.757715 1.408980
0.971000 1.092684 1.509127 1.759145 1.409211
0.972000 1.091429 1.509650 1.760573 1.409442
0.973000 1.090176 1.510173 1.761998 1.409675
0.974000 1.088925 1.510695 1.763420 1.409908
0.975000 1.087677 1.511216 1.764840 1.410142
0.976000 1.086430 1.511737 1.766257 1.410377
0.977000 1.085186 1.512257 1.767671 1.410614
0.978000 1.083943 1.512777 1.769083 1.410850
0.979000 1.082703 1.513296 1.770493 1.411088
0.980000 1.081465 1.513815 1.771900 1.411327
0.981000 1.080229 1.514332 1.773305 1.411566
0.982000 1.078995 1.514850 1.774707 1.411807
0.983000 1.077764 1.515366 1.776106 1.412048
0.984000 1.076534 1.515882 1.777504 1.412290
0.985000 1.075307 1.516398 1.778899 1.412533
0.986000 1.074082 1.516913 1.780291 1.412777
0.987000 1.072859 1.517427 1.781682 1.413021
0.988000 1.071638 1.517941 1.783070 1.413266
0.989000 1.070419 1.518454 1.784456 1.413512
0.990000 1.069203 1.518967 1.785839 1.413759
0.991000 1.067988 1.519479 1.787221 1.414007
0.992000 1.066776 1.519990 1.788600 1.414256
0.993000 1.065566 1.520501 1.789977 1.414505
0.994000 1.064358 1.521012 1.791352 1.414755
0.995000 1.063152 1.521522 1.792725 1.415006
0.996000 1.061948 1.522031 1.794096 1.415258
0.997000 1.060747 1.522540 1.795465 1.415510
0.998000 1.059547 1.523049 1.796832 1.415764
0.999000 1.058350 1.523557 1.798197 1.416018
1.000000 1.057155 1.524064 1.799560 1.416273
1.001000 1.055962 1.524571 1.800922 1.416528
1.002000 1.054772 1.525078 1.802282 1.416785
1.003000 1.053583 1.525584 1.803639 1.417042
1.004000 1.052397 1.526090 1.804995 1.417300
1.005000 1.051213 1.526595 1.806350 1.417559
1.006000 1.050031 1.527100 1.807703 1.417819
1.007000 1.048852 1.527605 1.809054 1.418080
1.008000 1.047674 1.528109 1.810403 1.418341
1.009000 1.046499 1.528613 1.811752 1.418604
1.010000 1.045326 1.529116 1.813098 1.418867
1.011000 1.044155 1.529619 1.814443 1.419131
1.012000 1.042987 1.530122 1.815787 1.419395
1.013000 1.041821 1.530625 1.817129 1.419661
1.014000 1.040657 1.531127 1.818471 1.419928
1.015000 1.039495 1.531629 1.819810 1.420195
1.016000 1.038335 1.532131 1.821149 1.420463
1.017000 1.037178 1.532632 1.822486 1.420732
1.018000 1.036023 1.533134 1.823823 1.421003
1.019000 1.034870 1.533635 1.825158 1.421273
1.020000 1.033719 1.534136 1.826492 1.421545
1.021000 1.032571 1.534636 1.827825 1.421818
1.022000 1.031425 1.535137 1.829157 1.422092
1.023000 1.030281 1.535637 1.830488 1.422366
1.024000 1.029139 1.536138 1.831818 1.422642
1.025000 1.028000 1.536638 1.833148 1.422919
1.026000 1.026863 1.537138 1.834477 1.423196
1.027000 1.025728 1.537638 1.835804 1.423474
1.028000 1.024596 1.538139 1.837132 1.423754
1.029000 1.023465 1.538639 1.838458 1.424034
1.030000 1.022338 1.539139 1.839784 1.424316
1.031000 1.021212 1.539639 1.841110 1.424598
1.032000 1.020088 1.540139 1.842434 1.424882
1.033000 1.018967 1.540639 1.843759 1.425166
1.034000 1.017849 1.541139 1.845083 1.425452
1.035000 1.016732 1.541640 1.846406 1.425739
1.036000 1.015618 1.542140 1.847729 1.426026
1.037000 1.014506 1.542641 1.849052 1.426315
1.038000 1.013396 1.543142 1.850375 1.426605
1.039000 1.012289 1.543642 1.851697 1.426896
1.040000 1.011184 1.544144 1.853019 1.427188
1.041000 1.010081 1.544645 1.854341 1.427482
1.042000 1.008980 1.545146 1.855663 1.427776
1.043000 1.007882 1.545648 1.856985 1.428072
1.044000 1.006786 1.546150 1.858307 1.428368
1.045000 1.005692 1.546653 1.859629 1.428666
1.046000 1.004601 1.547155 1.860951 1.428966
1.047000 1.003511 1.547658 1.862273 1.429266
1.048000 1.002424 1.548162 1.863596 1.429568
1.049000 1.001340 1.548665 1.864918 1.429870
1.050000 1.000257 1.549169 1.866241 1.430174
1.051000 0.999177 1.549674 1.867564 1.430480
1.052000 0.998099 1.550179 1.868887 1.430786
1.053000 0.997024 1.550684 1.870211 1.431094
1.054000 0.995950 1.551190 1.871535 1.431404
1.055000 0.994879 1.551696 1.872860 1.431714
1.056000 0.993810 1.552203 1.874185 1.432026
1.057000 0.992743 1.552710 1.875510 1.432339
1.058000 0.991679 1.553218 1.876836 1.432654
1.059000 0.990616 1.553726 1.878163 1.432970
1.060000 0.989556 1.554235 1.879490 1.433287
1.061000 0.988498 1.554745 1.880818 1.433605
1.062000 0.987442 1.555255 1.882147 1.433926
1.063000 0.986389 1.555766 1.883476 1.434247
1.064000 0.985337 1.556277 1.884806 1.434570
1.065000 0.984288 1.556789 1.886137 1.434894
1.066000 0.983241 1.557302 1.887469 1.435220
1.067000 0.982196 1.557816 1.888802 1.435547
1.068000 0.981153 1.558330 1.890135 1.435876
1.069000 0.980112 1.558845 1.891470 1.436206
1.070000 0.979073 1.559361 1.892805 1.436538
1.071000 0.978036 1.559877 1.894142 1.436872
1.072000 0.977002 1.560395 1.895479 1.437206
1.073000 0.975969 1.560913 1.896818 1.437543
1.074000 0.974939 1.561432 1.898157 1.437880
1.075000 0.973910 1.561952 1.899498 1.438220
1.076000 0.972884 1.562473 1.900840 1.438561
1.077000 0.971859 1.562995 1.902183 1.438904
1.078000 0.970837 1.563517 1.903527 1.439248
1.079000 0.969816 1.564041 1.904873 1.439593
1.080000 0.968798 1.564565 1.906220 1.439941
1.081000 0.967781 1.565091 1.907568 1.440290
1.082000 0.966766 1.565617 1.908917 1.440640
1.083000 0.965753 1.566144 1.910268 1.440993
1.084000 0.964742 1.566673 1.911620 1.441347
1.085000 0.963733 1.567202 1.912974 1.441702
1.086000 0.962726 1.567733 1.914328 1.442060
1.087000 0.961720 1.568265 1.915685 1.442418
1.088000 0.960716 1.568797 1.917042 1.442779
1.089000 0.959714 1.569331 1.918402 1.443141
1.090000 0.958714 1.569866 1.919762 1.443505
1.091000 0.957715 1.570402 1.921125 1.443871
1.092000 0.956719 1.570939 1.922488 1.444239
1.093000 0.955723 1.571478 1.923854 1.444608
1.094000 0.954730 1.572017 1.925221 1.444979
1.095000 0.953738 1.572558 1.926589 1.445351
1.096000 0.952748 1.573100 1.927959 1.445726
1.097000 0.951759 1.573644 1.929331 1.446102
1.098000 0.950772 1.574188 1.930704 1.446480
1.099000 0.949786 1.574734 1.932079 1.446859
1.100000 0.948802 1.575281 1.933456 1.447241
1.101000 0.947819 1.575829 1.934834 1.447624
1.102000 0.946838 1.576379 1.936214 1.448009
1.103000 0.945858 1.576930 1.937596 1.448396
1.104000 0.944879 1.577482 1.938979 1.448785
1.105000 0.943902 1.578036 1.940364 1.449175
1.106000 0.942926 1.578591 1.941751 1.449567
1.107000 0.941952 1.579148 1.943140 1.449961
1.108000 0.940979 1.579706 1.944530 1.450357
1.109000 0.940006 1.580265 1.945922 1.450755
1.110000 0.939036 1.580826 1.947316 1.451154
1.111000 0.938066 1.581388 1.948712 1.451555
1.112000 0.937097 1.581952 1.950109 1.451958
1.113000 0.936130 1.582517 1.951509 1.452363
1.114000 0.935163 1.583083 1.952910 1.452770
1.115000 0.934198 1.583652 1.954312 1.453178
1.116000 0.933234 1.584221 1.955717 1.453589
1.117000 0.932270 1.584793 1.957124 1.454001
1.118000 0.931308 1.585365 1.958532 1.454415
1.119000 0.930346 1.585940 1.959942 1.454831
1.120000 0.929386 1.586516 1.961354 1.455248
1.121000 0.928426 1.587093 1.962768 1.455668
1.122000 0.927467 1.587672 1.964183 1.456089
1.123000 0.926508 1.588253 1.965600 1.456512
1.124000 0.925551 1.588835 1.967020 1.456937
1.125000 0.924594 1.589419 1.968441 1.457364
1.126000 0.923637 1.590005 1.969863 1.457793
1.127000 0.922682 1.590592 1.971288 1.458223
1.128000 0.921727 1.591181 1.972714 1.458655
1.129000 0.920772 1.591772 1.974143 1.459090
1.130000 0.919818 1.592364 1.975573 1.459525
1.131000 0.918864 1.592959 1.977004 1.459963
1.132000 0.917911 1.593554 1.978438 1.460403
1.133000 0.916958 1.594152 1.979873 1.460844
1.134000 0.916005 1.594751 1.981310 1.461287
1.135000 0.915053 1.595353 1.982749 1.461732
1.136000 0.914101 1.595956 1.984190 1.462179
1.137000 0.913149 1.596560 1.985632 1.462627
1.138000 0.912198 1.597167 1.987077 1.463077
1.139000 0.911246 1.597775 1.988522 1.463529
1.140000 0.910295 1.598385 1.989970 1.463983
1.141000 0.909344 1.598997 1.991419 1.464439
1.142000 0.908392 1.599611 1.992870 1.464896
1.143000 0.907441 1.600227 1.994323 1.465355
1.144000 0.906490 1.600845 1.995778 1.465816
1.145000 0.905538 1.601464 1.997234 1.466278
1.146000 0.904587 1.602085 1.998691 1.466743
1.147000 0.903635 1.602709 2.000151 1.467209
1.148000 0.902683 1.603334 2.001612 1.467677
1.149000 0.901731 1.603961 2.003074 1.468146
1.150000 0.900778 1.604590 2.004539 1.468617
1.151000 0.899825 1.605221 2.006004 1.469090
1.152000 0.898872 1.605854 2.007472 1.469564
1.153000 0.897918 1.606489 2.008941 1.470041
1.154000 0.896964 1.607126 2.010411 1.470519
1.155000 0.896009 1.607765 2.011883 1.470998
1.156000 0.895054 1.608406 2.013357 1.471479
1.157000 0.894098 1.609049 2.014832 1.471962
1.158000 0.893142 1.609694 2.016308 1.472447
1.159000 0.892185 1.610341 2.017786 1.472933
1.160000 0.891227 1.610990 2.019265 1.473420
1.161000 0.890269 1.611641 2.020746 1.473910
1.162000 0.889310 1.612295 2.022228 1.474401
1.163000 0.888350 1.612950 2.023712 1.474893
1.164000 0.887389 1.613607 2.025197 1.475387
1.165000 0.886427 1.614267 2.026683 1.475883
1.166000 0.885464 1.614928 2.028171 1.476380
1.167000 0.884501 1.615592 2.029660 1.476879
1.168000 0.883536 1.616258 2.031150 1.477379
1.169000 0.882571 1.616925 2.032641 1.477881
1.170000 0.881604 1.617595 2.034134 1.478384
1.171000 0.880636 1.618268 2.035628 1.478889
1.172000 0.879668 1.618942 2.037123 1.479396
1.173000 0.878698 1.619618 2.038619 1.479904
1.174000 0.877726 1.620297 2.040117 1.480413
1.175000 0.876754 1.620978 2.041615 1.480924
1.176000 0.875781 1.621661 2.043115 1.481436
1.177000 0.874806 1.622346 2.044616 1.481950
1.178000 0.873830 1.623033 2.046118 1.482465
1.179000 0.872852 1.623723 2.047621 1.482982
1.180000 0.871873 1.624415 2.049125 1.483500
1.181000 0.870893 1.625109 2.050630 1.484019
1.182000 0.869912 1.625805 2.052136 1.484540
1.183000 0.868929 1.626503 2.053643 1.485062
1.184000 0.867944 1.627204 2.055151 1.485586
1.185000 0.866958 1.627907 2.056660 1.486111
1.186000 0.865971 1.628612 2.058169 1.486637
1.187000 0.864982 1.629319 2.059680 1.487165
1.188000 0.863992 1.630029 2.061192 1.487694
1.189000 0.863000 1.630741 2.062704 1.488225
1.190000 0.862006 1.631455 2.064217 1.488757
1.191000 0.861011 1.632172 2.065731 1.489290
1.192000 0.860014 1.632891 2.067246 1.489824
1.193000 0.859016 1.633612 2.068762 1.490360
1.194000 0.858016 1.634335 2.070278 1.490897
1.195000 0.857014 1.635061 2.071795 1.491436
1.196000 0.856011 1.635789 2.073313 1.491975
1.197000 0.855005 1.636519 2.074831 1.492516
1.198000 0.853999 1.637252 2.076350 1.493059
1.199000 0.852990 1.637987 2.077870 1.493602
1.200000 0.851980 1.638724 2.079391 1.494147
1.201000 0.850969 1.639463 2.080909 1.494692
1.202000 0.849958 1.640202 2.082423 1.495237
1.203000 0.848948 1.640942 2.083933 1.495781
1.204000 0.847937 1.641682 2.085438 1.496324
1.205000 0.846926 1.642423 2.086939 1.496867
1.206000 0.845915 1.643164 2.088435 1.497409
1.207000 0.844904 1.643906 2.089926 1.497951
1.208000 0.843892 1.644649 2.091413 1.498491
1.209000 0.842881 1.645392 2.092895 1.499031
1.210000 0.841869 1.646136 2.094373 1.499571
1.211000 0.840858 1.646880 2.095846 1.500109
1.212000 0.839846 1.647624 2.097314 1.500647
1.213000 0.838834 1.648369 2.098778 1.501184
1.214000 0.837822 1.649115 2.100236 1.501720
1.215000 0.836810 1.649861 2.101690 1.502256
1.216000 0.835798 1.650608 2.103140 1.502791
1.217000 0.834786 1.651355 2.104584 1.503325
1.218000 0.833773 1.652103 2.106024 1.503858
1.219000 0.832761 1.652851 2.107458 1.504390
1.220000 0.831748 1.653600 2.108888 1.504921
1.221000 0.830736 1.654349 2.110313 1.505452
1.222000 0.829723 1.655099 2.111733 1.505982
1.223000 0.828711 1.655849 2.113148 1.506511
1.224000 0.827698 1.656599 2.114559 1.507039
1.225000 0.826686 1.657350 2.115964 1.507566
1.226000 0.825674 1.658102 2.117365 1.508093
1.227000 0.824662 1.658854 2.118760 1.508618
1.228000 0.823650 1.659606 2.120151 1.509143
1.229000 0.822638 1.660359 2.121537 1.509667
1.230000 0.821626 1.661112 2.122917 1.510190
1.231000 0.820615 1.661866 2.124293 1.510712
1.232000 0.819604 1.662620 2.125664 1.511233
1.233000 0.818594 1.663374 2.127030 1.511754
1.234000 0.817584 1.664129 2.128391 1.512274
1.235000 0.816575 1.664884 2.129747 1.512793
1.236000 0.815566 1.665639 2.131098 1.513311
1.237000 0.814557 1.666395 2.132444 1.513828
1.238000 0.813549 1.667151 2.133786 1.514345
1.239000 0.812542 1.667907 2.135122 1.514861
1.240000 0.811536 1.668664 2.136453 1.515376
1.241000 0.810531 1.669421 2.137780 1.515890
1.242000 0.809526 1.670179 2.139101 1.516404
1.243000 0.808522 1.670936 2.140418 1.516917
1.244000 0.807520 1.671694 2.141730 1.517429
1.245000 0.806518 1.672452 2.143037 1.517940
1.246000 0.805518 1.673210 2.144339 1.518451
1.247000 0.804518 1.673969 2.145636 1.518961
1.248000 0.803520 1.674728 2.146929 1.519470
1.249000 0.802524 1.675487 2.148216 1.519979
1.250000 0.801528 1.676246 2.149499 1.520487
1.251000 0.800534 1.677005 2.150777 1.520995
1.252000 0.799542 1.677765 2.152050 1.521502
1.253000 0.798552 1.678524 2.153318 1.522008
1.254000 0.797563 1.679284 2.154582 1.522514
1.255000 0.796575 1.680044 2.155840 1.523019
1.256000 0.795590 1.680804 2.157095 1.523524
1.257000 0.794606 1.681564 2.158344 1.524028
1.258000 0.793625 1.682324 2.159589 1.524531
1.259000 0.792646 1.683084 2.160829 1.525034
1.260000 0.791668 1.683844 2.162064 1.525537
1.261000 0.790693 1.684604 2.163295 1.526039
1.262000 0.789720 1.685364 2.164521 1.526541
1.263000 0.788750 1.686124 2.165742 1.527042
1.264000 0.787782 1.686884 2.166959 1.527543
1.265000 0.786817 1.687644 2.168172 1.528044
1.266000 0.785854 1.688404 2.169380 1.528544
1.267000 0.784894 1.689163 2.170583 1.529044
1.268000 0.783936 1.689923 2.171782 1.529543
1.269000 0.782982 1.690683 2.172976 1.530042
1.270000 0.782030 1.691442 2.174166 1.530541
1.271000 0.781082 1.692201 2.175351 1.531039
1.272000 0.780136 1.692960 2.176532 1.531538
1.273000 0.779194 1.693719 2.177709 1.532036
1.274000 0.778255 1.694477 2.178881 1.532533
1.275000 0.777319 1.695235 2.180049 1.533031
1.276000 0.776386 1.695993 2.181212 1.533528
1.277000 0.775457 1.696751 2.182371 1.534025
1.278000 0.774532 1.697508 2.183526 1.534522
1.279000 0.773610 1.698265 2.184677 1.535019
1.280000 0.772692 1.699021 2.185823 1.535515
1.281000 0.771778 1.699778 2.186965 1.536011
1.282000 0.770867 1.700533 2.188103 1.536508
1.283000 0.769961 1.701289 2.189237 1.537004
1.284000 0.769058 1.702043 2.190366 1.537499
1.285000 0.768160 1.702798 2.191491 1.537995
1.286000 0.767265 1.703552 2.192612 1.538491
1.287000 0.766375 1.704305 2.193729 1.538987
1.288000 0.765489 1.705057 2.194842 1.539482
1.289000 0.764607 1.705810 2.195951 1.539977
1.290000 0.763730 1.706561 2.197056 1.540473
1.291000 0.762857 1.707312 2.198156 1.540968
1.292000 0.761989 1.708062 2.199253 1.541463
1.293000 0.761126 1.708812 2.200345 1.541958
1.294000 0.760267 1.709561 2.201434 1.542453
1.295000 0.759413 1.710309 2.202518 1.542948
1.296000 0.758563 1.711056 2.203599 1.543443
1.297000 0.757719 1.711803 2.204675 1.543938
1.298000 0.756879 1.712548 2.205748 1.544433
1.299000 0.756045 1.713293 2.206816 1.544928
1.300000 0.755215 1.714037 2.207881 1.545423
1.301000 0.754390 1.714780 2.208942 1.545918
1.302000 0.753571 1.715522 2.209999 1.546412
1.303000 0.752757 1.716264 2.211051 1.546907
1.304000 0.751948 1.717004 2.212100 1.547402
1.305000 0.751145 1.717743 2.213146 1.547896
1.306000 0.750346 1.718481 2.214187 1.548391
1.307000 0.749553 1.719219 2.215224 1.548885
1.308000 0.748766 1.719955 2.216258 1.549380
1.309000 0.747984 1.720689 2.217287 1.549874
1.310000 0.747208 1.721423 2.218313 1.550368
1.311000 0.746437 1.722156 2.219335 1.550863
1.312000 0.745672 1.722887 2.220353 1.551357
1.313000 0.744913 1.723617 2.221367 1.551851
1.314000 0.744159 1.724346 2.222378 1.552345
1.315000 0.743411 1.725074 2.223385 1.552838
1.316000 0.742669 1.725800 2.224387 1.553332
1.317000 0.741933 1.726525 2.225386 1.553826
1.318000 0.741202 1.727248 2.226382 1.554319
1.319000 0.740478 1.727970 2.227373 1.554812
1.320000 0.739759 1.728691 2.228361 1.555305
1.321000 0.739046 1.729410 2.229344 1.555798
1.322000 0.738340 1.730128 2.230324 1.556291
1.323000 0.737639 1.730844 2.231300 1.556783
1.324000 0.736944 1.731558 2.232273 1.557275
1.325000 0.736256 1.732271 2.233241 1.557767
1.326000 0.735573 1.732982 2.234206 1.558259
1.327000 0.734897 1.733692 2.235167 1.558750
1.328000 0.734227 1.734399 2.236124 1.559241
1.329000 0.733563 1.735105 2.237077 1.559732
1.330000 0.732905 1.735810 2.238026 1.560222
1.331000 0.732253 1.736512 2.238971 1.560712
1.332000 0.731608 1.737213 2.239913 1.561201
1.333000 0.730968 1.737911 2.240851 1.561690
1.334000 0.730335 1.738608 2.241785 1.562179
1.335000 0.729709 1.739303 2.242715 1.562667
1.336000 0.729088 1.739996 2.243641 1.563155
1.337000 0.728474 1.740687 2.244563 1.563642
1.338000 0.727866 1.741375 2.245481 1.564128
1.339000 0.727264 1.742062 2.246395 1.564614
1.340000 0.726668 1.742747 2.247306 1.565099
1.341000 0.726079 1.743429 2.248212 1.565584
1.342000 0.725496 1.744109 2.249114 1.566068
1.343000 0.724919 1.744787 2.250013 1.566551
1.344000 0.724349 1.745463 2.250907 1.567034
1.345000 0.723784 1.746136 2.251798 1.567516
1.346000 0.723226 1.746807 2.252684 1.567997
1.347000 0.722675 1.747476 2.253566 1.568477
1.348000 0.722129 1.748142 2.254445 1.568956
1.349000 0.721590 1.748806 2.255319 1.569434
1.350000 0.721057 1.749467 2.256189 1.569912
1.351000 0.720530 1.750126 2.257055 1.570388
1.352000 0.720009 1.750782 2.257916 1.570863
1.353000 0.719495 1.751435 2.258774 1.571338
1.354000 0.718986 1.752086 2.259627 1.571811
1.355000 0.718484 1.752734 2.260477 1.572283
1.356000 0.717988 1.753380 2.261322 1.572754
1.357000 0.717498 1.754023 2.262162 1.573224
1.358000 0.717014 1.754663 2.262999 1.573692
1.359000 0.716536 1.755300 2.263831 1.574160
1.360000 0.716064 1.755934 2.264658 1.574625
1.361000 0.715599 1.756565 2.265482 1.575090
1.362000 0.715139 1.757194 2.266301 1.575553
1.363000 0.714685 1.757819 2.267115 1.576015
1.364000 0.714237 1.758441 2.267925 1.576475
1.365000 0.713795 1.759061 2.268731 1.576934
1.366000 0.713359 1.759677 2.269532 1.577391
1.367000 0.712928 1.760290 2.270329 1.577846
1.368000 0.712504 1.760900 2.271121 1.578300
1.369000 0.712085 1.761507 2.271908 1.578752
1.370000 0.711672 1.762110 2.272691 1.579202
1.371000 0.711264 1.762710 2.273469 1.579650
1.372000 0.710863 1.763307 2.274242 1.580097
1.373000 0.710466 1.763900 2.275011 1.580542
1.374000 0.710076 1.764490 2.275775 1.580984
1.375000 0.709691 1.765077 2.276534 1.581425
1.376000 0.709311 1.765660 2.277289 1.581864
1.377000 0.708937 1.766239 2.278038 1.582300
1.378000 0.708569 1.766815 2.278783 1.582735
1.379000 0.708205 1.767387 2.279523 1.583167
1.380000 0.707847 1.767956 2.280257 1.583597
1.381000 0.707494 1.768521 2.280987 1.584025
1.382000 0.707147 1.769082 2.281712 1.584450
1.383000 0.706805 1.769639 2.282431 1.584873
1.384000 0.706467 1.770193 2.283146 1.585294
1.385000 0.706135 1.770742 2.283855 1.585712
1.386000 0.705808 1.771288 2.284560 1.586127
1.387000 0.705486 1.771830 2.285259 1.586540
1.388000 0.705169 1.772368 2.285953 1.586951
1.389000 0.704856 1.772901 2.286641 1.587358
1.390000 0.704549 1.773431 2.287324 1.587763
1.391000 0.704246 1.773957 2.288002 1.588165
1.392000 0.703948 1.774478 2.288675 1.588565
1.393000 0.703654 1.774996 2.289342 1.588961
1.394000 0.703366 1.775509 2.290003 1.589354
1.395000 0.703081 1.776018 2.290659 1.589745
1.396000 0.702802 1.776522 2.291310 1.590132
1.397000 0.702526 1.777022 2.291954 1.590516
1.398000 0.702255 1.777518 2.292594 1.590898
1.399000 0.701989 1.778010 2.293227 1.591276
1.400000 0.701726 1.778497 2.293855 1.591650
1.401000 0.701468 1.778979 2.294477 1.592022
1.402000 0.701214 1.779457 2.295094 1.592390
1.403000 0.700965 1.779930 2.295704 1.592754
1.404000 0.700719 1.780399 2.296309 1.593115
1.405000 0.700477 1.780863 2.296907 1.593473
1.406000 0.700239 1.781323 2.297500 1.593827
1.407000 0.700005 1.781777 2.298087 1.594178
1.408000 0.699775 1.782227 2.298668 1.594525
1.409000 0.699548 1.782673 2.299242 1.594868
1.410000 0.699325 1.783113 2.299811 1.595207
1.411000 0.699106 1.783548 2.300374 1.595543
1.412000 0.698891 1.783979 2.300930 1.595875
1.413000 0.698679 1.784405 2.301480 1.596203
1.414000 0.698470 1.784825 2.302024 1.596527
1.415000 0.698265 1.785241 2.302561 1.596847
1.416000 0.698063 1.785652 2.303093 1.597163
1.417000 0.697865 1.786057 2.303617 1.597475
1.418000 0.697669 1.786458 2.304136 1.597783
1.419000 0.697477 1.786853 2.304648 1.598086
1.420000 0.697288 1.787243 2.305154 1.598386
1.421000 0.697102 1.787628 2.305653 1.598681
1.422000 0.696919 1.788008 2.306145 1.598972
1.423000 0.696739 1.788382 2.306631 1.599258
1.424000 0.696562 1.788751 2.307110 1.599540
1.425000 0.696388 1.789115 2.307583 1.599818
1.426000 0.696217 1.789473 2.308049 1.600091
1.427000 0.696048 1.789826 2.308508 1.600360
1.428000 0.695882 1.790174 2.308961 1.600624
1.429000 0.695719 1.790516 2.309407 1.600884
1.430000 0.695558 1.790853 2.309846 1.601139
1.431000 0.695400 1.791184 2.310278 1.601389
1.432000 0.695245 1.791510 2.310703 1.601635
1.433000 0.695092 1.791830 2.311122 1.601876
1.434000 0.694941 1.792144 2.311533 1.602112
1.435000 0.694793 1.792453 2.311938 1.602344
1.436000 0.694646 1.792756 2.312335 1.602570
1.437000 0.694503 1.793054 2.312726 1.602792
1.438000 0.694361 1.793346 2.313109 1.603009
1.439000 0.694222 1.793632 2.313486 1.603221
1.440000 0.694085 1.793912 2.313855 1.603428
1.441000 0.693950 1.794187 2.314217 1.603630
1.442000 0.693816 1.794456 2.314572 1.603827
1.443000 0.693686 1.794719 2.314920 1.604018
1.444000 0.693557 1.794977 2.315261 1.604205
1.445000 0.693429 1.795228 2.315595 1.604387
1.446000 0.693304 1.795474 2.315921 1.604564
1.447000 0.693181 1.795714 2.316240 1.604735
1.448000 0.693060 1.795947 2.316552 1.604902
1.449000 0.692940 1.796175 2.316857 1.605063
1.450000 0.692823 1.796397 2.317154 1.605219
1.451000 0.692707 1.796614 2.317445 1.605370
1.452000 0.692592 1.796824 2.317727 1.605516
1.453000 0.692480 1.797028 2.318003 1.605656
1.454000 0.692369 1.797226 2.318271 1.605791
1.455000 0.692260 1.797419 2.318532 1.605921
1.456000 0.692153 1.797605 2.318785 1.606046
1.457000 0.692047 1.797785 2.319031 1.606165
1.458000 0.691942 1.797959 2.319270 1.606279
1.459000 0.691840 1.798128 2.319501 1.606388
1.460000 0.691739 1.798290 2.319725 1.606491
1.461000 0.691639 1.798446 2.319941 1.606589
1.462000 0.691541 1.798596 2.320150 1.606682
1.463000 0.691445 1.798740 2.320352 1.606769
1.464000 0.691350 1.798878 2.320546 1.606851
1.465000 0.691257 1.799010 2.320733 1.606928
1.466000 0.691165 1.799136 2.320913 1.606999
1.467000 0.691075 1.799256 2.321085 1.607065
1.468000 0.690986 1.799370 2.321249 1.607126
1.469000 0.690898 1.799477 2.321406 1.607181
1.470000 0.690813 1.799579 2.321556 1.607231
1.471000 0.690728 1.799674 2.321698 1.607276
1.472000 0.690645 1.799764 2.321833 1.607315
1.473000 0.690564 1.799847 2.321961 1.607349
1.474000 0.690484 1.799925 2.322081 1.607378
1.475000 0.690406 1.799996 2.322194 1.607402
1.476000 0.690329 1.800061 2.322299 1.607420
1.477000 0.690254 1.800120 2.322397 1.607433
1.478000 0.690180 1.800173 2.322488 1.607440
1.479000 0.690107 1.800221 2.322571 1.607443
1.480000 0.690037 1.800262 2.322647 1.607440
1.481000 0.689968 1.800297 2.322716 1.607432
1.482000 0.689900 1.800326 2.322777 1.607419
1.483000 0.689834 1.800349 2.322831 1.607400
1.484000 0.689770 1.800366 2.322878 1.607377
1.485000 0.689707 1.800377 2.322918 1.607348
1.486000 0.689646 1.800382 2.322950 1.607314
1.487000 0.689587 1.800381 2.322975 1.607276
1.488000 0.689529 1.800374 2.322993 1.607232
1.489000 0.689473 1.800361 2.323004 1.607183
1.490000 0.689419 1.800343 2.323007 1.607129
1.491000 0.689366 1.800318 2.323004 1.607070
1.492000 0.689315 1.800288 2.322993 1.607006
1.493000 0.689267 1.800251 2.322975 1.606937
1.494000 0.689220 1.800209 2.322950 1.606863
1.495000 0.689174 1.800161 2.322919 1.606784
1.496000 0.689131 1.800107 2.322880 1.606701
1.497000 0.689090 1.800048 2.322834 1.606612
1.498000 0.689051 1.799982 2.322781 1.606519
1.499000 0.689013 1.799911 2.322721 1.606421
1.500000 0.688978 1.799834 2.322654 1.606319
